energy,price
24382.0,64.92
22734.0,64.48
21286.0,59.32
20264.0,56.04
19905.0,53.63
20010.0,51.73
20377.0,51.43
20094.0,48.98
20637.0,54.2
22250.0,58.94
23547.0,59.86
24133.0,60.12
24713.0,62.05
24672.0,62.06
23528.0,59.76
23118.0,61.18
23606.0,64.74
26447.0,74.26
28020.0,74.24
29014.0,75.64
29571.0,73.92
29031.0,70.53
26798.0,64.13
27070.0,64.02
24935.0,58.46
23214.0,54.7
22540.0,54.91
22096.0,53.07
22066.0,54.23
22275.0,58.22
23025.0,67.55
23699.0,70.33
25834.0,71.26
27927.0,75.86
29072.0,73.65
29071.0,74.19
29439.0,71.51
29241.0,71.04
27973.0,71.24
27320.0,70.64
27157.0,72.85
29045.0,82.55
31967.0,83.33
33266.0,83.23
33668.0,79.06
32426.0,76.2
29705.0,71.75
25564.0,66.82
23584.0,63.35
22194.0,58.79
21296.0,57.44
21145.0,55.29
21316.0,56.22
21674.0,58.13
22127.0,62.06
22756.0,67.36
24654.0,69.21
26454.0,70.35
26959.0,68.77
26716.0,68.82
26802.0,68.23
26416.0,67.97
25362.0,62.76
24770.0,62.03
24501.0,66.69
24992.0,71.5
27964.0,72.14
29694.0,72.45
29874.0,72.86
28979.0,70.1
26863.0,67.62
25254.0,55.22
23620.0,50.54
22606.0,48.68
22191.0,48.02
21929.0,47.06
22195.0,46.79
24035.0,47.63
26807.0,47.44
28316.0,50.84
29871.0,54.84
30585.0,59.95
30772.0,59.35
30685.0,57.03
30429.0,59.22
28741.0,58.56
28249.0,52.07
28105.0,52.15
27908.0,61.12
27577.0,71.98
27418.0,74.64
28604.0,75.38
30346.0,76.49
28190.0,73.83
26270.0,69.51
25069.0,70.77
23390.0,64.89
21988.0,60.91
21182.0,59.68
20778.0,58.04
20309.0,59.57
20252.0,69.73
19964.0,72.97
20796.0,77.92
22478.0,79.59
23834.0,81.75
24429.0,80.82
21888.0,89.08
22048.0,90.97
22858.0,88.51
25604.0,82.85
25381.0,80.52
23822.0,72.18
23711.0,71.48
22354.0,64.76
21546.0,60.22
21171.0,57.14
21042.0,53.94
21618.0,53.43
23433.0,56.68
25885.0,63.49
28456.0,66.75
29708.0,73.07
30887.0,78.95
31409.0,75.91
31947.0,73.12
32078.0,68.02
31193.0,66.67
30542.0,65.08
30591.0,66.1
30799.0,72.0
30481.0,78.6
30147.0,81.18
30120.0,81.65
30747.0,78.63
29978.0,73.2
27421.0,72.46
30518.0,67.24
28484.0,64.17
27026.0,62.12
26248.0,62.11
25838.0,60.05
26021.0,62.48
26992.0,70.01
28625.0,75.2
31015.0,83.3
33276.0,93.14
34221.0,100.45
34796.0,95.17
35535.0,85.23
35752.0,81.5
35605.0,77.29
36020.0,76.61
36066.0,77.15
36195.0,79.51
35739.0,91.05
35188.0,95.29
34470.0,91.25
33716.0,87.08
32697.0,78.15
30477.0,75.07
26788.0,73.73
25146.0,70.99
23889.0,68.3
23046.0,64.22
22587.0,63.53
22361.0,66.7
22551.0,69.79
22543.0,75.57
24042.0,82.36
25932.0,87.03
27664.0,91.08
28448.0,89.29
28881.0,85.45
29329.0,80.33
29026.0,77.33
28237.0,77.03
27868.0,78.15
27654.0,80.48
27507.0,90.87
27544.0,94.11
27578.0,90.26
28222.0,84.66
28221.0,77.05
26436.0,73.14
27485.0,67.7
25750.0,61.05
24760.0,59.61
24188.0,58.65
23840.0,58.4
24030.0,59.77
25965.0,68.38
28266.0,75.5
29981.0,81.67
31932.0,85.8
33325.0,92.0
34144.0,89.66
35040.0,85.5
35524.0,81.22
34579.0,77.08
33792.0,77.33
33768.0,80.09
33696.0,81.64
33154.0,88.51
32440.0,89.0
32384.0,87.11
33976.0,82.13
31420.0,78.39
28825.0,72.17
24899.0,61.8
23505.0,59.46
22589.0,55.97
22177.0,55.03
22025.0,54.53
22426.0,55.44
24361.0,57.22
27890.0,63.84
29335.0,71.4
29951.0,74.51
30452.0,77.05
30856.0,75.49
31449.0,74.23
31218.0,74.0
30458.0,72.86
29836.0,69.68
29781.0,68.36
29929.0,71.77
29638.0,77.55
29950.0,78.67
32244.0,78.46
31900.0,78.1
28690.0,70.98
26219.0,62.14
22460.0,60.35
21033.0,54.98
19977.0,53.36
19389.0,52.62
19126.0,49.17
19199.0,47.97
19404.0,49.1
19500.0,49.91
20182.0,51.53
22121.0,55.87
23589.0,55.81
24238.0,54.7
24271.0,52.89
24713.0,54.58
24477.0,54.82
23377.0,52.08
23037.0,52.05
23049.0,55.59
25259.0,77.6
26520.0,80.36
27123.0,82.29
27025.0,82.47
25889.0,78.06
23940.0,70.13
27085.0,60.81
25272.0,58.27
24121.0,53.65
23626.0,51.95
23572.0,51.4
24070.0,52.93
26787.0,58.8
31511.0,70.52
34046.0,75.72
34876.0,81.92
35093.0,85.63
34588.0,86.76
34347.0,82.78
34146.0,76.7
32884.0,74.35
32422.0,73.6
32502.0,74.74
33509.0,76.34
35896.0,84.23
36615.0,87.72
36704.0,86.54
35823.0,81.3
32932.0,69.06
29695.0,62.43
28033.0,55.61
25750.0,52.54
24517.0,50.97
23911.0,49.57
23876.0,48.74
24445.0,49.56
27027.0,53.96
31924.0,65.89
35351.0,73.97
36288.0,78.25
36612.0,83.44
36296.0,81.74
35645.0,78.22
35172.0,74.18
33895.0,69.45
33283.0,69.58
33030.0,72.97
33542.0,75.59
35944.0,86.26
37553.0,88.57
37604.0,87.32
36831.0,80.78
33972.0,77.41
30733.0,67.0
28057.0,60.23
25764.0,54.69
24495.0,53.88
23887.0,53.19
23892.0,52.57
24438.0,57.13
27040.0,70.06
31798.0,76.53
35150.0,83.97
35953.0,92.24
36439.0,97.95
36048.0,94.52
35561.0,86.31
35186.0,79.91
33909.0,76.06
33322.0,75.64
33330.0,77.09
33811.0,79.62
36114.0,88.06
37535.0,88.75
37633.0,86.91
36809.0,79.91
33939.0,70.11
30630.0,59.27
27865.0,49.14
25617.0,45.38
24269.0,43.68
23940.0,42.49
23762.0,40.7
24485.0,41.48
26919.0,46.24
31608.0,56.67
34804.0,69.9
35815.0,76.22
36260.0,79.18
35996.0,77.66
35539.0,70.25
35240.0,57.96
34028.0,54.4
33573.0,53.87
33637.0,57.8
34151.0,65.77
36202.0,78.95
37469.0,80.36
37299.0,79.38
36325.0,70.31
33848.0,56.77
30737.0,53.49
28342.0,45.92
26119.0,43.7
24683.0,42.91
24147.0,42.15
24030.0,42.73
24561.0,45.02
27025.0,50.41
31518.0,66.58
34642.0,78.3
35662.0,85.84
36343.0,89.11
36335.0,85.59
35955.0,78.55
35583.0,71.22
34322.0,61.29
33777.0,59.4
33460.0,66.69
33784.0,71.61
35633.0,82.21
36821.0,84.46
36669.0,82.09
36015.0,76.0
33847.0,68.82
31243.0,58.81
28889.0,50.65
26782.0,47.98
25083.0,46.67
24086.0,46.66
23651.0,45.48
23539.0,46.52
24025.0,47.61
25467.0,51.97
27120.0,58.88
29980.0,68.81
32225.0,73.52
32480.0,73.67
31863.0,71.88
31659.0,68.06
30894.0,58.83
29725.0,51.47
29039.0,51.0
29191.0,55.19
31620.0,72.1
33274.0,75.99
33865.0,74.0
33741.0,70.78
32324.0,57.88
30056.0,53.7
27371.0,54.28
25227.0,50.61
23430.0,44.42
22446.0,41.89
21973.0,40.46
21986.0,41.77
22350.0,42.1
23099.0,45.21
23805.0,47.87
25933.0,53.03
28482.0,56.4
29913.0,64.8
30285.0,62.38
30892.0,66.25
30854.0,66.2
29506.0,60.23
28894.0,59.38
28926.0,58.14
31281.0,69.59
32810.0,74.81
33710.0,74.28
33891.0,73.59
32608.0,68.64
29850.0,59.72
26865.0,54.84
24650.0,49.19
23305.0,46.43
22776.0,42.18
22671.0,40.08
23397.0,44.03
26513.0,50.25
31460.0,61.48
35444.0,69.97
36987.0,77.42
38207.0,79.88
38341.0,79.56
38052.0,74.48
37891.0,69.32
36560.0,63.24
36103.0,63.06
35867.0,68.6
36229.0,74.64
37941.0,86.83
39304.0,88.95
39262.0,87.94
38082.0,83.12
35179.0,75.57
31618.0,69.89
29025.0,57.6
26475.0,53.55
25087.0,52.35
24620.0,50.3
24505.0,49.46
25188.0,51.79
27866.0,56.08
32945.0,70.93
36474.0,80.62
37711.0,83.78
38505.0,92.88
38499.0,90.6
38172.0,86.02
38132.0,81.19
36846.0,79.26
36287.0,79.15
36333.0,79.79
36890.0,84.12
38856.0,89.84
40232.0,90.69
40207.0,89.56
39208.0,85.41
36258.0,78.73
32569.0,71.82
29411.0,70.53
26868.0,59.37
25391.0,56.97
24810.0,54.04
24694.0,52.15
25268.0,53.32
27986.0,55.91
33028.0,68.61
36643.0,76.21
38079.0,78.3
38761.0,83.04
38655.0,80.02
38110.0,74.73
38036.0,67.08
36868.0,61.83
36479.0,61.84
36441.0,61.8
37061.0,70.91
38758.0,80.27
40081.0,78.82
40122.0,75.67
39146.0,65.81
36267.0,61.64
32864.0,55.47
29755.0,50.5
27137.0,48.08
25675.0,46.15
25103.0,42.91
24952.0,42.11
25540.0,42.31
28176.0,48.23
32969.0,53.17
36207.0,70.72
37521.0,73.93
38344.0,78.61
38054.0,77.13
37706.0,70.98
37513.0,67.09
36419.0,61.68
35785.0,61.59
35761.0,65.0
36254.0,73.58
38080.0,83.65
39702.0,83.57
39722.0,82.46
38886.0,78.29
36062.0,70.61
32725.0,62.33
29746.0,53.63
27253.0,51.21
25770.0,48.45
25198.0,47.03
25081.0,43.58
25679.0,46.46
28213.0,52.28
33070.0,65.64
36531.0,76.4
37807.0,79.97
38312.0,84.61
37823.0,83.52
37202.0,78.96
36773.0,72.31
35443.0,61.96
34752.0,60.84
34582.0,65.34
34756.0,72.57
36572.0,81.1
38329.0,83.19
38333.0,81.51
37708.0,77.05
35332.0,71.83
32693.0,62.47
30040.0,58.78
27485.0,55.81
25763.0,52.97
24786.0,47.79
24358.0,46.26
24273.0,45.91
24822.0,49.59
26229.0,52.15
28031.0,51.86
30993.0,61.01
33327.0,65.95
33373.0,66.22
32671.0,64.49
32544.0,61.74
31782.0,55.08
30494.0,52.73
29801.0,50.31
29777.0,54.34
32048.0,66.75
34127.0,71.35
34630.0,71.07
34494.0,70.56
33050.0,63.13
30715.0,59.27
27877.0,56.05
25569.0,47.86
23794.0,41.52
22965.0,42.01
22428.0,39.03
22526.0,40.91
22939.0,43.87
23750.0,41.6
24337.0,45.71
26224.0,51.62
28381.0,52.07
29101.0,51.07
28831.0,51.36
29011.0,51.25
28869.0,49.62
27849.0,47.64
27188.0,48.31
26878.0,51.88
29363.0,69.2
32239.0,76.85
33571.0,77.7
33845.0,75.83
32749.0,69.17
30011.0,62.28
26853.0,54.33
24631.0,49.56
23303.0,46.26
22989.0,45.91
22879.0,45.64
23750.0,47.58
26802.0,54.67
31982.0,68.6
35629.0,77.38
36969.0,81.32
37516.0,84.56
37201.0,84.81
36577.0,82.36
36237.0,77.45
35058.0,73.74
34575.0,72.68
34395.0,74.44
34829.0,77.9
36507.0,87.45
38622.0,89.51
38869.0,87.6
37993.0,83.04
35187.0,76.03
31608.0,69.71
28656.0,61.14
26315.0,53.05
24984.0,49.9
24506.0,48.46
24470.0,48.21
25118.0,48.75
27748.0,55.1
32686.0,69.94
35981.0,78.22
37036.0,82.25
37421.0,86.75
37040.0,83.62
36320.0,79.33
36104.0,72.54
34932.0,65.72
34498.0,62.27
34266.0,66.77
34499.0,70.83
36045.0,81.34
38335.0,83.97
38718.0,82.01
37819.0,76.81
35153.0,69.68
31746.0,57.36
29096.0,51.88
26815.0,51.88
25396.0,48.32
24739.0,48.02
24587.0,48.28
25236.0,48.11
27861.0,53.35
32646.0,69.71
35927.0,79.78
36959.0,83.04
37228.0,88.92
36794.0,87.13
36039.0,84.35
34343.0,72.19
33886.0,70.66
33621.0,72.33
33837.0,76.22
35740.0,87.45
37937.0,87.97
38240.0,86.66
37183.0,79.06
34487.0,70.92
31304.0,61.2
28577.0,55.27
26313.0,51.07
25016.0,47.79
24408.0,46.8
24295.0,45.79
24870.0,46.15
27423.0,53.17
32153.0,57.26
35154.0,66.74
36073.0,72.99
36481.0,78.95
36216.0,73.35
35852.0,66.42
35873.0,54.68
34750.0,50.6
34345.0,49.53
34270.0,50.62
34695.0,52.6
36210.0,67.77
38037.0,69.53
38090.0,65.31
37247.0,55.79
34593.0,50.33
31448.0,43.36
28858.0,30.58
26636.0,16.79
25401.0,15.93
24727.0,15.76
24566.0,14.7
24991.0,16.82
27327.0,32.22
31748.0,41.28
34549.0,54.92
35625.0,62.44
36120.0,68.75
36200.0,66.39
35845.0,62.27
35785.0,55.18
34533.0,48.06
33900.0,47.37
33609.0,48.77
33987.0,55.14
35326.0,67.39
36795.0,69.55
36331.0,65.98
35407.0,60.29
33421.0,54.74
30783.0,45.04
28724.0,30.14
26851.0,24.91
25022.0,17.23
24140.0,16.1
23748.0,14.27
23734.0,13.85
24183.0,13.48
25325.0,16.37
26867.0,27.33
29396.0,33.73
31862.0,45.28
32130.0,43.23
31592.0,32.53
31584.0,29.67
30788.0,22.62
29436.0,18.95
28691.0,18.5
28705.0,23.93
30555.0,43.11
32787.0,52.36
33309.0,57.46
32984.0,55.32
31484.0,56.16
29537.0,41.49
24298.0,28.02
21881.0,21.3
20495.0,17.45
19730.0,18.24
19500.0,16.85
20113.0,16.59
22153.0,16.61
32383.0,22.55
32358.0,23.56
33955.0,70.15
33851.0,67.61
32324.0,62.39
29866.0,56.55
26687.0,56.65
24609.0,49.27
23347.0,46.53
22836.0,42.25
22833.0,40.87
23665.0,41.88
26861.0,51.44
31940.0,66.5
35395.0,70.96
36738.0,73.16
37638.0,77.89
37733.0,76.34
37491.0,72.25
37419.0,66.45
36417.0,56.81
36008.0,55.43
35839.0,56.44
36047.0,62.63
37111.0,74.35
38943.0,84.34
39042.0,80.79
37941.0,72.41
35104.0,62.82
31650.0,55.41
24402.0,40.96
23007.0,38.45
22192.0,34.03
21722.0,30.66
21804.0,30.59
22627.0,30.28
25334.0,36.38
29383.0,47.92
31951.0,55.67
33325.0,66.52
33781.0,71.59
33672.0,69.44
33590.0,68.88
33224.0,63.37
32019.0,55.77
31275.0,55.61
30718.0,56.07
30570.0,66.85
30646.0,76.0
33367.0,85.73
34373.0,81.22
33375.0,70.96
30865.0,65.74
28152.0,57.31
24449.0,42.65
22718.0,36.99
21561.0,33.95
20899.0,32.94
20602.0,30.88
20472.0,33.12
21161.0,39.73
22317.0,52.29
22741.0,65.29
24632.0,69.68
25861.0,73.5
26351.0,69.06
26253.0,66.45
26118.0,57.02
25402.0,47.06
24307.0,45.08
23776.0,46.93
23464.0,50.78
23242.0,67.96
23417.0,77.22
24934.0,78.16
27048.0,72.5
25825.0,56.27
24201.0,44.68
22311.0,37.71
20879.0,36.21
19888.0,27.28
19377.0,29.39
19149.0,26.73
19264.0,33.93
20279.0,39.38
20618.0,52.38
22385.0,64.4
24689.0,70.13
26192.0,73.38
26665.0,70.58
26679.0,67.53
26882.0,60.79
26541.0,56.4
25272.0,57.3
24441.0,57.66
24259.0,62.7
24216.0,75.71
24262.0,82.79
25006.0,79.39
27081.0,72.83
26483.0,62.14
24832.0,60.7
25777.0,51.07
24329.0,44.28
23417.0,39.2
23066.0,37.08
22949.0,36.72
23280.0,38.61
24795.0,45.97
27267.0,61.27
29697.0,70.47
30943.0,72.57
31936.0,76.79
32661.0,70.96
33337.0,67.95
33470.0,63.06
32582.0,55.9
32153.0,56.06
32238.0,56.61
32520.0,66.81
32152.0,78.38
31666.0,81.86
31336.0,79.13
31449.0,76.25
30679.0,68.1
27991.0,66.22
28902.0,65.89
27027.0,63.59
25655.0,58.61
25098.0,53.68
24841.0,51.39
25026.0,52.55
26440.0,53.8
28366.0,58.41
30754.0,60.24
33158.0,64.11
34490.0,69.51
34767.0,69.14
35667.0,66.27
36282.0,66.67
35765.0,68.54
35266.0,67.45
35207.0,65.64
35250.0,66.66
34803.0,81.59
34258.0,90.0
33432.0,84.26
32981.0,79.77
32790.0,67.21
30603.0,65.14
25070.0,63.8
23668.0,57.09
22522.0,52.95
21655.0,50.79
21260.0,49.74
21066.0,50.68
21126.0,51.94
20572.0,54.25
21286.0,55.17
22809.0,56.87
24249.0,55.59
25268.0,51.89
25905.0,49.13
26660.0,47.63
27234.0,47.11
26838.0,41.4
26493.0,42.07
26216.0,41.97
26240.0,56.62
26387.0,64.46
26780.0,68.86
28108.0,67.51
29242.0,58.31
27815.0,51.78
27209.0,47.15
25614.0,41.5
24615.0,37.33
24160.0,35.33
23922.0,34.67
24233.0,36.5
25947.0,44.59
28368.0,61.72
30171.0,67.85
31977.0,72.67
33070.0,77.71
33759.0,75.51
34420.0,76.74
34687.0,71.84
33635.0,68.76
32858.0,67.56
32749.0,68.98
32888.0,76.95
32414.0,85.91
31886.0,102.62
32153.0,97.99
33393.0,82.89
30915.0,72.83
28493.0,68.4
24815.0,61.16
23485.0,59.36
22674.0,54.01
22163.0,53.17
22148.0,51.89
22575.0,52.35
24495.0,58.22
27909.0,73.56
29551.0,79.08
30371.0,82.09
30992.0,85.98
31250.0,85.33
31646.0,84.41
31557.0,79.31
30491.0,74.93
29749.0,73.39
29423.0,76.03
29359.0,76.88
29089.0,88.42
29536.0,91.25
31533.0,90.14
31045.0,84.78
28158.0,75.41
26155.0,69.47
22333.0,60.2
21063.0,56.95
20157.0,55.25
19892.0,53.4
19850.0,52.05
20500.0,53.63
22576.0,58.9
25016.0,77.06
26617.0,81.2
28123.0,85.06
29218.0,88.22
29737.0,86.4
30113.0,86.48
30294.0,81.83
29466.0,80.14
28534.0,79.95
28057.0,81.04
28326.0,84.66
29991.0,91.68
31005.0,94.42
31251.0,96.62
30380.0,89.38
27950.0,83.42
25487.0,80.59
27229.0,73.92
25266.0,64.47
24013.0,56.34
23600.0,55.19
23558.0,54.8
24062.0,56.62
26611.0,63.09
31235.0,76.93
33940.0,84.62
34695.0,89.34
34769.0,92.25
34331.0,89.74
33878.0,86.53
34086.0,81.97
33053.0,80.32
32607.0,80.05
32510.0,80.48
33504.0,80.31
35793.0,91.92
36389.0,93.96
36483.0,94.41
35498.0,88.01
32890.0,82.03
29745.0,78.47
29098.0,68.9
26802.0,59.45
25353.0,55.68
24620.0,52.66
24492.0,51.92
25059.0,51.83
27705.0,55.16
32480.0,66.98
35318.0,70.6
36628.0,72.21
37025.0,75.28
36634.0,73.39
35912.0,70.32
35538.0,62.54
34115.0,60.15
33223.0,56.98
33032.0,56.29
33159.0,59.5
33985.0,70.81
36464.0,77.94
36733.0,78.64
36012.0,74.83
33902.0,65.51
31187.0,57.84
28973.0,52.87
26689.0,48.0
25018.0,47.42
24086.0,45.03
23782.0,42.45
23555.0,44.3
24055.0,45.46
25442.0,49.38
26977.0,51.31
29927.0,54.63
32233.0,57.79
32611.0,57.51
32210.0,55.25
32263.0,54.0
31385.0,49.15
30055.0,45.64
29272.0,44.35
29151.0,46.06
30226.0,53.42
32523.0,60.97
32646.0,62.26
32322.0,58.97
30996.0,53.16
28968.0,48.15
27038.0,41.05
25048.0,34.6
23556.0,24.74
22809.0,25.58
22406.0,25.1
22272.0,26.06
22427.0,26.3
23101.0,30.48
23560.0,35.9
25451.0,39.99
27570.0,44.71
28630.0,45.8
28588.0,40.22
28900.0,41.1
28688.0,40.53
27435.0,39.42
26551.0,39.24
26137.0,42.61
27237.0,53.33
29896.0,69.12
31180.0,72.68
31536.0,70.85
30715.0,69.48
28393.0,59.87
25952.0,55.76
24066.0,49.9
22807.0,46.86
22366.0,46.39
22293.0,46.84
23112.0,47.34
26041.0,50.5
30434.0,65.03
33135.0,75.14
34840.0,81.94
35306.0,87.32
35269.0,87.54
35098.0,78.56
35078.0,71.24
33880.0,66.46
33183.0,62.55
33039.0,65.0
32973.0,68.14
33542.0,76.05
36098.0,87.82
36679.0,81.44
35898.0,70.76
33475.0,63.1
30385.0,51.14
27955.0,48.72
25887.0,46.11
24694.0,36.96
24157.0,35.54
24011.0,31.29
24716.0,35.2
27326.0,37.68
31651.0,51.69
33989.0,55.13
35631.0,62.68
36424.0,65.19
36559.0,61.66
36392.0,60.0
36351.0,54.05
34843.0,53.35
34203.0,53.58
34032.0,54.13
34091.0,56.13
34632.0,63.11
37188.0,73.37
37924.0,71.35
36984.0,64.87
34270.0,57.71
30986.0,52.19
28328.0,38.95
26074.0,38.0
24897.0,30.03
24433.0,32.38
24409.0,32.26
24971.0,33.69
27630.0,39.16
32185.0,62.0
34834.0,67.44
36176.0,71.64
36732.0,72.98
36559.0,69.74
36367.0,69.71
36020.0,65.59
34748.0,63.29
34034.0,63.06
33850.0,64.38
33820.0,67.32
33922.0,80.41
36610.0,82.82
37295.0,81.19
36397.0,74.78
33805.0,68.26
30576.0,63.77
27937.0,59.22
25854.0,57.64
24605.0,55.26
24175.0,52.9
24014.0,52.38
24706.0,52.58
27273.0,57.83
31971.0,66.58
34485.0,73.93
35582.0,77.59
35725.0,79.63
35331.0,76.54
34856.0,76.82
34635.0,71.04
33342.0,69.22
32802.0,69.79
32595.0,71.35
32733.0,76.12
33458.0,83.8
36514.0,92.16
37133.0,95.95
36344.0,86.39
33904.0,74.24
30729.0,69.89
28161.0,58.73
25902.0,58.15
24532.0,54.66
23970.0,51.76
23860.0,50.98
24484.0,52.64
27208.0,59.14
31924.0,65.59
34663.0,72.96
35816.0,73.33
36311.0,75.76
36019.0,72.88
35435.0,72.28
35077.0,65.34
33577.0,63.99
32671.0,62.2
32546.0,61.55
32581.0,66.07
33186.0,74.77
35770.0,78.65
36189.0,79.81
35457.0,75.22
33186.0,66.65
30512.0,62.88
28183.0,60.52
26017.0,54.57
24462.0,52.21
23533.0,50.07
23191.0,48.31
23150.0,50.01
23686.0,48.78
24954.0,47.73
26445.0,47.76
29591.0,53.12
31843.0,56.4
32341.0,54.33
32040.0,48.42
31938.0,49.74
30823.0,43.76
29553.0,29.81
28642.0,24.69
28375.0,30.72
29163.0,42.12
31925.0,50.33
32991.0,54.18
32920.0,51.86
31303.0,45.47
29201.0,40.91
26919.0,28.01
24723.0,25.86
23109.0,21.32
22234.0,23.02
21878.0,20.99
21910.0,21.0
22388.0,21.7
22971.0,25.12
23343.0,28.43
25656.0,28.0
27642.0,29.18
28597.0,28.33
28389.0,26.19
28505.0,26.53
28020.0,23.29
26909.0,18.73
26170.0,18.89
25759.0,18.9
26799.0,38.77
30165.0,57.56
31950.0,63.78
32213.0,60.32
30994.0,55.86
28681.0,41.03
25948.0,37.23
24048.0,23.88
22915.0,18.34
22440.0,17.71
22510.0,17.69
23267.0,19.9
26321.0,37.72
31107.0,46.04
33902.0,51.37
35310.0,62.07
35807.0,68.1
35837.0,63.72
35446.0,62.3
35362.0,55.5
34148.0,42.98
33477.0,42.58
33156.0,42.9
33203.0,45.69
33574.0,52.72
36340.0,64.5
37118.0,65.02
36279.0,56.52
33557.0,42.56
30381.0,39.27
28105.0,25.38
26059.0,18.21
24874.0,17.19
24419.0,17.73
24269.0,17.52
25027.0,17.42
27577.0,31.26
32133.0,43.28
34669.0,45.25
35776.0,51.94
36052.0,51.02
35984.0,47.17
35764.0,45.18
35659.0,41.87
34328.0,39.88
33702.0,40.17
33377.0,40.28
33580.0,42.81
34086.0,57.2
36729.0,68.69
37783.0,73.26
36718.0,65.25
34031.0,53.6
30729.0,47.73
28187.0,43.03
26092.0,37.56
24805.0,31.11
24489.0,23.86
24564.0,23.69
24994.0,27.47
27809.0,37.5
32069.0,52.3
34500.0,53.59
35763.0,61.12
35928.0,60.95
35730.0,56.81
35394.0,55.46
35428.0,49.11
34110.0,42.69
33481.0,42.24
33139.0,47.78
33159.0,51.75
33441.0,61.64
36177.0,71.53
37158.0,73.11
36245.0,62.27
33674.0,51.75
30554.0,51.41
28205.0,45.32
26102.0,37.72
24884.0,34.11
24385.0,32.83
24344.0,32.45
24834.0,33.47
27341.0,42.98
31381.0,51.4
33654.0,59.54
34716.0,63.24
34920.0,67.12
34666.0,62.73
34502.0,61.92
34530.0,57.57
33320.0,53.8
32726.0,52.91
32443.0,55.69
32528.0,56.59
32740.0,68.7
35354.0,79.19
36131.0,75.78
35306.0,68.65
32844.0,58.94
29860.0,55.47
27464.0,53.11
25775.0,40.36
24556.0,35.67
24159.0,34.58
24227.0,34.95
24623.0,36.71
26964.0,39.88
30783.0,53.74
32832.0,57.48
34132.0,57.68
34483.0,61.57
34367.0,60.89
33966.0,61.05
33769.0,56.79
32453.0,53.26
31643.0,53.11
31216.0,53.91
31054.0,53.96
31009.0,63.51
33649.0,70.46
34368.0,72.42
33742.0,68.14
31964.0,60.2
29705.0,57.45
27739.0,44.8
25645.0,40.81
24033.0,37.87
23214.0,37.19
22890.0,36.6
22770.0,36.56
23361.0,38.7
24357.0,38.01
25767.0,41.43
28583.0,45.59
30244.0,52.93
30287.0,52.83
29640.0,52.47
29529.0,53.71
28644.0,47.34
27570.0,43.04
26919.0,43.34
26609.0,46.55
27220.0,60.34
29643.0,60.83
30718.0,62.87
30644.0,60.42
29622.0,50.83
27689.0,45.53
27243.0,47.6
24723.0,40.01
22861.0,37.79
21963.0,33.06
21540.0,29.65
21642.0,31.25
22434.0,33.55
23787.0,31.95
25305.0,37.89
27745.0,40.43
30101.0,36.44
30495.0,41.68
29893.0,43.39
29659.0,39.68
29268.0,39.33
28375.0,30.69
27840.0,28.13
28102.0,33.68
30973.0,39.34
32130.0,51.94
32763.0,56.16
32875.0,53.65
31532.0,49.01
29366.0,42.7
29071.0,34.12
26977.0,29.43
25574.0,27.86
24982.0,27.75
24879.0,27.27
25506.0,34.11
28104.0,42.74
32929.0,53.61
35765.0,58.5
37147.0,61.2
37681.0,61.88
37765.0,60.71
37489.0,60.53
37385.0,60.32
36208.0,58.87
35771.0,57.3
35800.0,57.92
36193.0,59.1
37418.0,71.86
39296.0,90.02
39406.0,96.78
38351.0,92.2
35607.0,65.96
32222.0,61.04
26021.0,63.49
24285.0,59.33
23273.0,55.6
22800.0,52.4
22624.0,50.28
23304.0,54.7
25773.0,59.88
29455.0,64.81
31813.0,73.49
32972.0,75.85
33267.0,73.66
33314.0,70.67
33027.0,69.34
32791.0,68.57
31615.0,64.58
30892.0,62.87
30427.0,62.75
30397.0,67.89
30668.0,72.35
33367.0,83.8
34572.0,85.73
33596.0,76.26
31047.0,65.45
28168.0,59.46
22551.0,55.15
21052.0,51.51
20002.0,48.66
19371.0,44.36
18975.0,36.33
18934.0,34.88
19211.0,39.21
19743.0,42.29
19775.0,53.33
21241.0,53.95
22554.0,53.67
23012.0,52.27
22932.0,47.92
22969.0,51.03
22744.0,43.89
21706.0,41.31
21270.0,41.79
21062.0,44.57
21051.0,48.15
21594.0,60.11
23277.0,63.03
25521.0,60.11
24718.0,48.34
23519.0,40.19
23212.0,27.68
21739.0,20.42
20707.0,17.38
19963.0,17.91
19708.0,16.81
19650.0,17.21
19838.0,25.65
19351.0,31.22
20162.0,41.38
22045.0,43.42
23700.0,43.8
24525.0,41.88
24689.0,42.23
24960.0,42.12
24790.0,40.86
23615.0,41.22
22925.0,42.62
22801.0,48.32
23044.0,55.97
23481.0,69.69
24567.0,72.97
27117.0,69.04
26623.0,55.43
24758.0,52.7
26397.0,49.65
24928.0,46.44
23977.0,41.37
23593.0,39.41
23400.0,38.79
23745.0,45.04
25167.0,53.2
27428.0,61.94
29921.0,67.38
31099.0,72.79
32003.0,70.29
32810.0,66.52
33535.0,61.57
33703.0,61.64
32802.0,60.3
32417.0,56.71
32537.0,56.63
32794.0,59.13
32434.0,73.1
31756.0,81.22
31328.0,89.34
31563.0,80.93
30780.0,64.63
28352.0,62.04
29195.0,58.1
27247.0,54.75
25908.0,52.54
25239.0,48.41
24906.0,46.14
25122.0,45.82
26479.0,48.03
28626.0,50.8
31163.0,56.56
33525.0,59.12
35090.0,58.44
35728.0,56.53
36666.0,56.96
37123.0,57.45
36437.0,56.71
35790.0,55.29
35759.0,53.84
35744.0,53.85
35219.0,61.57
34623.0,74.22
33571.0,76.95
32808.0,75.9
32358.0,63.52
30495.0,57.03
25996.0,60.68
24316.0,57.53
23179.0,54.14
22471.0,50.17
22303.0,48.47
22681.0,48.21
24489.0,48.36
26296.0,47.5
29064.0,50.63
31757.0,50.16
33400.0,51.4
34584.0,54.79
35454.0,54.86
36131.0,53.9
35671.0,49.51
34894.0,44.29
34694.0,39.66
34571.0,40.8
34103.0,49.46
33145.0,57.14
32361.0,63.13
32815.0,62.17
32270.0,55.98
30116.0,50.79
26952.0,50.24
25313.0,48.28
24260.0,44.09
23668.0,40.06
23474.0,39.54
23785.0,44.24
25545.0,54.7
27738.0,60.05
29367.0,68.44
30911.0,65.91
32129.0,62.87
32728.0,61.8
33263.0,61.81
33310.0,61.71
32357.0,58.07
31587.0,56.67
31649.0,56.56
31760.0,57.32
31318.0,63.7
30679.0,75.39
31003.0,75.2
32449.0,73.97
30037.0,62.26
27687.0,56.26
24762.0,57.44
23419.0,54.18
22296.0,52.59
21614.0,50.83
21308.0,51.24
21275.0,53.29
21645.0,56.77
22779.0,62.29
23691.0,70.79
25714.0,71.31
27289.0,69.56
27731.0,67.62
27801.0,66.65
27853.0,66.49
27197.0,61.08
25771.0,59.01
25074.0,59.46
24870.0,60.85
24916.0,71.2
25507.0,82.65
27876.0,86.2
28063.0,84.94
26179.0,71.02
24381.0,64.36
23837.0,57.38
22481.0,53.27
21630.0,50.16
21336.0,48.67
21363.0,48.72
22173.0,49.4
24601.0,54.72
27944.0,60.48
29981.0,67.97
31007.0,69.25
31478.0,64.15
31869.0,62.28
31916.0,60.09
31725.0,59.46
30722.0,57.53
30112.0,55.72
29825.0,54.67
30200.0,56.26
32381.0,66.23
33199.0,74.99
33253.0,75.79
31957.0,71.74
29103.0,63.78
26365.0,58.72
27361.0,57.81
25416.0,52.44
24155.0,50.45
23665.0,49.7
23566.0,49.84
24179.0,51.33
26721.0,56.71
31174.0,62.97
33483.0,68.96
34347.0,66.55
34486.0,62.8
33967.0,59.72
33575.0,59.63
33385.0,59.43
32332.0,55.22
31915.0,51.34
31926.0,50.31
32890.0,54.55
35387.0,69.5
36017.0,73.25
35954.0,73.84
35001.0,68.94
32535.0,56.99
29486.0,53.4
26024.0,47.99
24497.0,41.05
23422.0,39.39
22967.0,39.27
22943.0,40.36
23535.0,41.82
25970.0,50.58
29189.0,52.69
31546.0,57.27
32454.0,58.97
32960.0,56.56
32904.0,55.67
32833.0,56.32
32326.0,54.86
31062.0,55.65
30153.0,53.76
29677.0,54.25
29551.0,55.46
29636.0,56.31
31977.0,65.81
33552.0,66.97
32700.0,62.91
30451.0,57.94
28016.0,57.65
26196.0,53.56
24615.0,51.06
23337.0,47.59
22672.0,46.54
22392.0,43.6
22307.0,45.6
22785.0,49.02
23571.0,47.7
25498.0,51.74
28233.0,53.36
29858.0,51.96
30223.0,50.71
29902.0,51.12
29821.0,50.49
28748.0,48.38
27381.0,43.49
26540.0,42.37
26308.0,46.73
26689.0,55.14
28952.0,63.06
30883.0,63.83
30836.0,61.44
29274.0,58.05
27076.0,55.41
24920.0,53.84
23002.0,52.95
21822.0,48.91
21097.0,44.66
20790.0,43.25
20865.0,42.62
21350.0,42.94
21417.0,44.05
22391.0,47.08
24319.0,52.13
26202.0,52.35
26794.0,54.12
26776.0,54.99
27054.0,55.24
26830.0,54.5
25731.0,50.7
24863.0,47.2
24658.0,47.45
25354.0,54.83
27938.0,72.42
30509.0,76.27
30791.0,73.38
29482.0,61.86
27131.0,59.43
24676.0,61.23
22803.0,57.06
21870.0,53.59
21579.0,51.98
21640.0,52.69
22495.0,55.44
25526.0,60.39
29358.0,65.49
32532.0,76.03
33990.0,77.49
34713.0,76.69
34580.0,74.13
34166.0,73.72
33718.0,68.02
32436.0,66.29
31728.0,64.93
31176.0,64.64
31001.0,67.17
30840.0,80.91
33382.0,85.0
35735.0,82.74
34781.0,79.63
32204.0,65.96
28943.0,61.06
26722.0,57.05
24962.0,54.16
24009.0,52.46
23554.0,50.48
23504.0,50.15
23989.0,52.06
26512.0,54.9
29999.0,56.73
32840.0,61.96
34217.0,63.72
34576.0,62.29
34362.0,59.25
34095.0,57.52
33972.0,57.86
32803.0,55.9
32290.0,53.91
31859.0,56.32
31834.0,58.05
32182.0,61.06
34416.0,71.82
36169.0,70.28
35005.0,66.58
32360.0,58.92
29389.0,55.5
27013.0,53.39
25028.0,49.77
23852.0,47.89
23391.0,46.52
23217.0,45.94
23783.0,47.49
26272.0,53.19
29693.0,57.55
32600.0,64.05
33993.0,66.26
34964.0,63.86
35258.0,63.55
35194.0,63.2
34888.0,62.74
33711.0,61.29
33102.0,59.38
32687.0,59.23
32664.0,60.23
32744.0,63.03
34534.0,68.56
35998.0,68.37
34764.0,65.92
32150.0,59.25
29322.0,55.51
26981.0,46.48
24904.0,42.35
23790.0,41.4
23250.0,40.08
22948.0,39.86
23411.0,41.27
24766.0,47.13
26699.0,50.76
28673.0,55.32
30384.0,57.91
31691.0,57.87
32076.0,56.25
32101.0,56.42
32005.0,55.72
30869.0,54.04
29970.0,49.36
29651.0,47.32
29590.0,51.7
29820.0,55.04
31892.0,58.82
33721.0,63.02
33212.0,59.4
31247.0,52.85
28502.0,52.88
26406.0,45.1
24536.0,37.89
23086.0,36.79
22587.0,35.83
22388.0,35.33
22841.0,36.48
25005.0,41.59
27674.0,52.86
30454.0,56.91
32406.0,58.35
34046.0,57.63
34151.0,53.81
33932.0,53.18
33861.0,53.67
32754.0,54.26
31850.0,54.14
31354.0,54.7
31213.0,54.67
31398.0,57.18
33237.0,61.02
34538.0,64.27
33674.0,60.94
31409.0,57.21
28943.0,57.21
26527.0,55.0
24605.0,53.86
23178.0,48.27
22484.0,45.31
22156.0,44.42
22224.0,44.86
22721.0,49.04
23371.0,50.69
25372.0,54.32
28263.0,55.34
30467.0,55.61
30834.0,55.62
30860.0,55.87
30927.0,55.83
29919.0,54.94
28617.0,51.83
27849.0,52.39
27583.0,55.45
27884.0,57.74
29701.0,62.51
31414.0,66.13
31368.0,63.13
29669.0,58.26
27736.0,55.81
25270.0,54.44
23278.0,49.61
22008.0,44.55
21127.0,43.29
20767.0,42.3
20807.0,42.64
21104.0,42.95
20936.0,42.77
22005.0,44.67
24442.0,47.91
26550.0,54.87
27444.0,55.45
27542.0,55.77
28053.0,55.84
27724.0,55.68
26446.0,52.52
25788.0,52.47
25604.0,48.75
26091.0,54.78
28390.0,66.08
30976.0,73.55
30601.0,72.68
29515.0,62.71
27803.0,59.0
25117.0,64.08
23034.0,60.1
21948.0,57.31
21435.0,54.05
21442.0,53.94
22300.0,57.81
25108.0,63.24
28782.0,66.65
32470.0,72.56
34119.0,73.55
35125.0,77.37
35169.0,73.56
35340.0,72.07
35285.0,69.93
33894.0,67.11
33296.0,66.5
33059.0,64.9
33034.0,64.28
33056.0,68.78
34853.0,71.91
36679.0,74.28
35532.0,69.27
32645.0,63.22
29514.0,56.34
27089.0,44.42
25005.0,42.98
23958.0,40.54
23452.0,39.41
23446.0,40.37
24033.0,40.3
26407.0,49.13
29741.0,54.0
33045.0,62.92
34826.0,64.73
35748.0,65.73
35974.0,64.44
35861.0,64.45
35657.0,64.22
34143.0,62.22
33383.0,62.11
32963.0,62.38
32851.0,63.45
32920.0,63.49
34655.0,67.61
36577.0,70.9
35535.0,68.87
32924.0,64.08
29732.0,57.21
27115.0,48.94
25180.0,44.65
23972.0,41.27
23538.0,40.39
23490.0,39.54
24188.0,40.25
26456.0,48.08
29847.0,53.12
33112.0,60.72
34688.0,60.55
35095.0,58.71
35066.0,55.33
34886.0,54.42
34483.0,53.22
33298.0,51.56
32695.0,50.25
32532.0,50.58
32564.0,56.23
32318.0,61.11
33961.0,65.47
36170.0,72.15
35323.0,70.59
32722.0,63.82
29597.0,61.59
27006.0,50.67
24994.0,47.53
23842.0,43.03
23375.0,40.66
23206.0,38.69
23726.0,42.18
26016.0,47.11
29335.0,51.52
32876.0,61.28
21218.0,62.79
35129.0,62.3
34903.0,61.89
34514.0,62.07
33829.0,61.56
32921.0,59.1
32404.0,56.85
32085.0,56.87
32139.0,59.31
32057.0,62.97
33685.0,67.64
35825.0,71.03
35071.0,67.94
32667.0,62.07
29825.0,57.11
27277.0,49.56
25407.0,44.71
23951.0,39.98
23336.0,38.47
23271.0,38.59
23915.0,40.37
25961.0,48.83
29096.0,57.5
31759.0,63.01
33020.0,64.43
33594.0,63.56
33475.0,63.03
33113.0,62.21
32857.0,61.46
31884.0,63.23
31088.0,60.96
30578.0,61.13
30348.0,62.67
30041.0,64.33
31396.0,71.24
33588.0,73.14
32968.0,68.57
31169.0,62.16
28898.0,59.52
26665.0,59.79
24746.0,54.35
23396.0,50.77
22753.0,48.12
22324.0,46.08
22336.0,46.54
22613.0,46.58
23099.0,48.86
25043.0,58.4
27306.0,61.86
28656.0,63.25
28864.0,61.09
28357.0,60.73
28314.0,59.65
27293.0,59.12
26103.0,51.19
25411.0,49.22
25290.0,49.8
25386.0,55.86
26796.0,65.21
29430.0,67.25
29486.0,64.36
27946.0,60.14
25980.0,56.95
24029.0,49.53
22123.0,48.1
20906.0,44.51
20313.0,44.17
20452.0,43.2
20668.0,44.51
21125.0,43.76
21317.0,42.92
22828.0,48.78
24479.0,49.33
25140.0,47.43
25016.0,46.95
25066.0,44.16
24966.0,40.99
24346.0,29.23
23759.0,25.48
23289.0,25.89
23255.0,40.6
23636.0,47.4
25537.0,62.94
28098.0,68.95
27455.0,64.63
25981.0,54.58
23928.0,46.56
22195.0,41.77
21435.0,38.8
20836.0,37.85
20806.0,36.29
21335.0,37.3
23477.0,43.43
26657.0,58.83
28604.0,63.44
30429.0,63.24
31377.0,63.37
31803.0,63.3
31823.0,63.35
31578.0,63.34
30516.0,60.89
29620.0,53.15
29104.0,49.49
28766.0,48.89
28355.0,56.83
28019.0,67.64
29282.0,73.64
31365.0,69.59
29261.0,65.54
27112.0,61.11
25340.0,50.4
23748.0,42.18
22552.0,39.88
22054.0,40.36
21843.0,40.05
22271.0,44.61
24040.0,52.28
27051.0,54.18
28694.0,66.02
30244.0,65.73
31053.0,65.79
31259.0,65.0
31301.0,62.56
31050.0,58.09
30120.0,58.26
29310.0,53.68
28914.0,51.7
28699.0,53.56
28191.0,56.96
28026.0,66.35
29291.0,69.85
31165.0,64.14
29094.0,60.33
26846.0,52.79
26818.0,37.28
24299.0,33.18
22546.0,32.12
21480.0,35.39
20937.0,27.82
21035.0,38.39
21476.0,40.02
22289.0,38.74
22929.0,47.67
24754.0,49.8
27027.0,49.57
27933.0,49.88
27648.0,52.52
27873.0,52.97
27769.0,45.73
26825.0,42.12
26254.0,41.29
26508.0,41.21
29232.0,40.79
30623.0,45.41
31605.0,54.08
32040.0,54.03
31115.0,51.93
28916.0,40.64
29735.0,43.12
27495.0,39.66
25998.0,39.24
25550.0,39.83
25157.0,39.53
25926.0,43.04
28654.0,44.1
33637.0,48.71
36527.0,56.05
38097.0,54.79
38792.0,53.66
38742.0,54.71
38557.0,54.8
38535.0,55.07
37091.0,55.94
36774.0,54.37
36600.0,54.73
36928.0,55.11
38010.0,54.82
40306.0,53.83
40324.0,64.35
39156.0,69.09
36332.0,61.16
32830.0,52.74
26156.0,51.81
24337.0,50.68
23285.0,45.13
22960.0,48.52
22915.0,47.09
23335.0,45.05
25892.0,51.31
29741.0,52.05
31946.0,55.52
33043.0,58.02
33512.0,59.28
33552.0,60.18
33462.0,59.98
33230.0,59.19
31983.0,60.88
31504.0,54.81
31013.0,54.58
30948.0,53.68
31306.0,53.86
34097.0,44.91
35321.0,50.59
34286.0,60.24
31735.0,54.46
28826.0,49.88
22005.0,54.48
20648.0,46.82
19712.0,38.66
19075.0,38.36
18846.0,37.55
18878.0,36.54
19592.0,37.25
20332.0,37.7
21031.0,43.25
23171.0,50.22
24726.0,49.49
25103.0,49.02
24890.0,42.65
24966.0,46.09
24714.0,43.4
23644.0,36.37
23077.0,34.8
22937.0,34.2
22850.0,30.45
23204.0,29.08
24869.0,39.73
27437.0,46.17
26087.0,40.67
24503.0,30.27
22918.0,44.24
21583.0,34.39
20774.0,29.73
20391.0,30.18
21047.0,30.74
23474.0,33.02
26150.0,31.36
28645.0,31.18
30176.0,38.93
31136.0,42.15
31591.0,43.48
32027.0,42.74
31859.0,38.63
30823.0,31.9
30268.0,27.45
30092.0,26.6
29990.0,32.33
29612.0,40.53
29637.0,45.05
30190.0,53.34
31764.0,61.65
29683.0,56.94
26874.0,52.91
26911.0,56.16
25253.0,52.51
24239.0,45.85
23768.0,47.06
23645.0,43.96
23805.0,44.89
24859.0,49.86
26580.0,49.77
28384.0,56.92
29822.0,59.24
31161.0,57.3
31776.0,57.11
32257.0,57.51
32524.0,57.14
31820.0,54.18
31231.0,44.96
31441.0,44.17
31689.0,45.12
31309.0,47.13
30960.0,54.16
30621.0,57.23
30794.0,64.02
30462.0,60.91
28209.0,57.21
29246.0,55.23
27413.0,52.94
25880.0,50.71
24796.0,45.38
24491.0,46.04
24164.0,52.97
23853.0,56.85
24090.0,56.54
25805.0,64.07
28037.0,69.33
30121.0,71.98
31106.0,71.22
31881.0,64.57
32370.0,64.09
32117.0,58.74
31610.0,55.03
31148.0,52.27
30904.0,54.82
30742.0,55.67
30571.0,57.92
30423.0,63.63
30522.0,68.53
30677.0,58.82
29301.0,52.45
27967.0,52.03
26027.0,40.69
24755.0,39.18
24086.0,38.42
23772.0,37.88
23994.0,38.44
25467.0,41.04
27189.0,47.08
29475.0,53.98
31881.0,55.19
33323.0,56.46
34388.0,58.03
35201.0,58.73
35731.0,58.14
35143.0,56.91
34535.0,55.87
34511.0,54.52
34408.0,55.14
33865.0,57.3
33195.0,59.12
32383.0,64.47
32820.0,71.47
32419.0,67.08
30264.0,60.61
26422.0,59.76
24907.0,56.07
23834.0,51.78
23302.0,48.33
23164.0,48.25
23257.0,50.56
25069.0,58.8
27450.0,59.13
28977.0,65.31
30508.0,68.85
31492.0,71.12
32010.0,70.67
32442.0,69.53
32546.0,69.41
31237.0,65.67
30368.0,62.52
29974.0,62.77
30036.0,62.93
29635.0,64.41
29315.0,67.65
29905.0,72.2
31050.0,74.66
28676.0,67.8
26603.0,62.13
22944.0,64.91
21624.0,57.98
20535.0,53.23
19956.0,53.14
19721.0,53.09
19547.0,53.03
19901.0,66.18
20443.0,67.76
20555.0,72.21
22086.0,70.97
23988.0,72.51
24658.0,73.14
25143.0,73.04
25649.0,72.53
25323.0,71.31
24083.0,68.79
23297.0,67.97
23197.0,69.46
23377.0,70.29
24722.0,70.05
27457.0,71.85
27943.0,76.06
26637.0,72.89
24784.0,70.87
24576.0,62.78
23192.0,58.58
22283.0,54.5
21932.0,56.51
21812.0,55.26
22263.0,54.46
24561.0,55.62
28043.0,57.27
30108.0,60.34
31144.0,62.79
31638.0,67.75
31786.0,67.11
31949.0,64.85
31736.0,64.06
30462.0,63.68
29946.0,60.91
29587.0,56.35
30114.0,54.38
32309.0,54.93
33164.0,54.93
33171.0,62.68
31969.0,68.22
29126.0,67.73
26409.0,63.59
27186.0,63.79
25228.0,55.03
23958.0,52.14
23446.0,52.16
23485.0,47.52
23966.0,47.1
26504.0,47.44
31049.0,46.2
33480.0,44.43
34096.0,46.78
34460.0,49.43
34116.0,46.1
33694.0,42.98
33376.0,44.19
32263.0,41.6
31480.0,36.38
31330.0,29.87
32235.0,32.2
34504.0,39.82
34779.0,44.14
34651.0,54.4
33838.0,66.71
31900.0,62.81
29352.0,57.72
23475.0,52.23
21845.0,47.1
20935.0,45.45
20782.0,43.36
20921.0,43.19
21459.0,47.82
23902.0,54.76
27050.0,61.54
29022.0,68.55
30202.0,70.7
30848.0,68.46
31034.0,66.45
31233.0,63.02
31031.0,62.03
30134.0,60.27
29300.0,55.88
29015.0,55.14
28719.0,59.11
28387.0,61.75
28346.0,64.98
29511.0,68.67
31722.0,72.5
29393.0,67.97
26665.0,59.93
24815.0,52.0
23251.0,46.43
22358.0,44.67
21929.0,38.9
21845.0,38.18
22233.0,40.3
24492.0,46.07
27860.0,56.23
29843.0,61.92
30822.0,63.9
31468.0,64.57
31439.0,64.4
31536.0,59.64
31445.0,58.3
30475.0,57.74
29888.0,52.27
29754.0,51.27
29442.0,53.43
28947.0,54.98
29062.0,59.18
30438.0,62.25
32230.0,67.78
29646.0,63.04
27149.0,56.72
25292.0,52.96
23666.0,48.99
22781.0,45.23
22452.0,41.6
22376.0,41.75
22687.0,44.06
24735.0,50.49
27879.0,56.49
30026.0,62.96
31172.0,64.1
31754.0,67.43
32001.0,68.0
32232.0,68.04
32149.0,68.29
30868.0,65.86
30216.0,62.66
29854.0,63.08
29628.0,64.44
29407.0,64.18
29624.0,65.54
30872.0,71.29
32311.0,77.57
29850.0,71.6
27238.0,64.74
25286.0,65.82
23604.0,61.88
22560.0,55.28
22218.0,55.77
22142.0,53.36
22457.0,53.6
24606.0,60.82
27759.0,63.77
24541.0,66.56
31468.0,68.01
31715.0,68.49
31930.0,68.91
31653.0,66.49
30455.0,63.34
29587.0,59.1
29423.0,56.56
29368.0,56.47
29214.0,56.85
29337.0,60.83
30540.0,67.23
32527.0,70.61
30037.0,65.22
27375.0,59.65
25398.0,65.28
23759.0,56.93
22779.0,54.25
22266.0,53.63
22150.0,52.4
22505.0,53.68
24716.0,64.86
27795.0,68.56
29769.0,71.32
30941.0,72.66
31378.0,72.55
31519.0,73.13
31823.0,72.85
31444.0,72.98
30104.0,70.41
29310.0,68.83
29017.0,68.1
28822.0,69.11
28373.0,69.68
28390.0,71.83
29239.0,75.55
31207.0,80.34
29085.0,75.49
26792.0,70.98
25230.0,66.33
23707.0,62.64
22576.0,59.61
21917.0,59.71
21519.0,61.86
21313.0,59.79
21785.0,61.27
22323.0,59.66
23716.0,63.96
25989.0,66.62
27506.0,66.92
27751.0,66.03
27640.0,62.21
27802.0,59.03
27035.0,53.38
25732.0,46.76
24876.0,44.63
24564.0,44.44
24585.0,46.33
25097.0,50.81
26014.0,62.49
28339.0,68.51
27115.0,66.88
25237.0,59.84
23555.0,61.06
21967.0,48.24
20806.0,46.94
20154.0,47.72
19665.0,45.39
19655.0,44.46
19943.0,45.62
19910.0,43.69
20613.0,45.81
22544.0,47.75
24137.0,52.04
24767.0,53.29
24862.0,53.71
25157.0,55.35
24873.0,53.5
23597.0,47.16
22848.0,46.75
22508.0,48.04
22566.0,51.52
23107.0,56.58
24641.0,71.09
27825.0,80.35
27126.0,78.57
25158.0,71.36
22984.0,68.55
21590.0,62.65
20745.0,58.53
20383.0,57.86
20426.0,59.24
21078.0,61.79
23661.0,67.21
26894.0,68.93
30296.0,75.37
30676.0,75.03
30814.0,75.1
31057.0,74.77
30931.0,73.67
29977.0,71.85
29254.0,66.48
29039.0,65.28
28888.0,65.67
28481.0,61.67
28253.0,63.21
29259.0,68.99
31572.0,72.11
29388.0,67.54
26576.0,55.67
24837.0,55.28
23307.0,53.92
22462.0,51.3
22076.0,50.53
21966.0,52.2
22354.0,52.5
24543.0,54.89
27310.0,62.66
29477.0,69.37
30553.0,70.56
30928.0,71.21
31088.0,71.03
31283.0,69.8
31163.0,67.92
30146.0,63.57
29426.0,53.87
29235.0,53.26
29044.0,54.75
28696.0,54.17
28646.0,55.67
29756.0,65.08
31654.0,72.02
29320.0,66.04
26644.0,56.44
25040.0,54.49
23590.0,49.93
22730.0,45.19
22157.0,45.34
22179.0,46.11
22370.0,49.76
24385.0,55.5
27221.0,62.56
29302.0,68.45
30479.0,69.17
31259.0,70.21
31470.0,71.14
31546.0,70.69
31131.0,70.0
29955.0,64.05
29113.0,59.22
28879.0,57.37
28751.0,61.76
28368.0,63.18
28243.0,63.25
29122.0,71.03
30776.0,78.01
28944.0,71.74
26697.0,68.39
25096.0,70.17
23396.0,67.51
22397.0,63.48
22041.0,65.51
21931.0,65.3
22205.0,65.02
23971.0,68.49
26548.0,71.8
28511.0,75.98
29638.0,77.11
30032.0,78.33
30323.0,78.52
30329.0,78.43
30291.0,77.53
29208.0,75.74
28503.0,71.68
28293.0,71.38
28195.0,71.82
27802.0,72.94
27765.0,75.62
28620.0,79.04
28899.0,77.04
26437.0,72.01
24580.0,70.39
23152.0,68.87
22124.0,67.0
21623.0,66.93
21533.0,64.97
21996.0,66.4
24143.0,68.96
26651.0,70.71
28665.0,74.2
29942.0,74.66
30614.0,76.39
30714.0,76.17
30918.0,76.0
30817.0,74.31
29979.0,72.06
29140.0,66.96
28781.0,65.17
28653.0,65.71
28329.0,64.97
28223.0,65.21
28982.0,67.89
30659.0,74.05
28694.0,67.24
26520.0,61.3
25086.0,67.87
23554.0,57.79
22450.0,51.5
21914.0,51.91
21693.0,48.7
21464.0,48.28
21955.0,52.2
22288.0,51.98
23863.0,56.74
26276.0,62.42
27961.0,63.5
28192.0,65.48
28026.0,63.98
28171.0,65.16
27243.0,64.2
25956.0,56.43
25036.0,54.35
24711.0,54.86
24597.0,57.12
24833.0,62.0
25829.0,67.16
27959.0,73.17
26883.0,69.88
25153.0,62.64
23401.0,52.84
21746.0,45.73
20725.0,42.73
20286.0,44.96
19989.0,42.09
19916.0,42.0
20114.0,44.48
19987.0,41.15
20484.0,46.4
22475.0,50.31
24193.0,55.36
25165.0,55.33
25563.0,58.99
25877.0,64.14
25495.0,57.98
24235.0,46.07
23383.0,38.0
23127.0,40.42
23356.0,43.36
23926.0,47.56
25281.0,52.15
27678.0,71.6
27002.0,67.98
25193.0,52.82
23262.0,50.36
21819.0,46.34
20936.0,41.6
20576.0,42.68
20511.0,42.73
21207.0,44.32
23720.0,49.99
26575.0,54.21
28935.0,61.16
30129.0,61.69
30788.0,62.11
31120.0,62.84
31385.0,64.17
31309.0,64.15
30244.0,59.91
29520.0,54.55
29279.0,52.81
29291.0,55.92
28961.0,57.61
28763.0,59.71
29627.0,63.03
31677.0,71.32
29319.0,67.31
26414.0,62.29
24793.0,61.58
23210.0,52.55
22438.0,50.68
22074.0,50.49
21961.0,49.77
22304.0,51.59
24494.0,61.25
27085.0,66.59
29453.0,70.95
30447.0,73.05
30968.0,71.92
31040.0,73.69
31269.0,73.94
31110.0,74.4
29865.0,74.21
29305.0,74.03
29047.0,71.56
28821.0,72.52
28509.0,74.6
28460.0,76.26
29199.0,76.91
31323.0,82.52
29566.0,75.67
26598.0,72.89
24837.0,70.98
23204.0,69.47
22303.0,68.04
21956.0,65.71
21881.0,64.01
22294.0,65.64
24551.0,69.22
27281.0,69.07
29590.0,73.94
30444.0,76.08
31142.0,74.14
31109.0,75.03
31325.0,74.06
31163.0,74.15
30046.0,71.52
29476.0,69.47
29319.0,67.04
29314.0,69.08
28857.0,68.53
28781.0,69.85
29415.0,74.56
31231.0,79.71
29454.0,76.44
26779.0,71.49
25216.0,67.58
23594.0,67.27
22595.0,64.88
22316.0,64.07
22224.0,62.79
22551.0,62.93
24711.0,65.95
27386.0,67.76
29521.0,71.27
30581.0,71.36
31049.0,70.8
31068.0,69.22
31262.0,70.21
31258.0,68.59
30187.0,64.12
29645.0,58.51
29540.0,57.82
29509.0,58.01
29022.0,57.86
28699.0,62.01
28880.0,67.88
30642.0,72.9
29053.0,67.65
26779.0,58.01
26019.0,56.22
23591.0,49.32
22089.0,49.79
21350.0,50.5
21054.0,46.78
21533.0,46.97
23240.0,48.52
26141.0,47.39
28870.0,48.05
31473.0,52.58
32893.0,51.6
32741.0,52.04
31942.0,52.58
31779.0,53.91
30864.0,49.91
29742.0,46.89
29336.0,47.11
29469.0,48.29
30960.0,59.97
31097.0,67.61
31242.0,69.78
31443.0,75.24
30365.0,73.71
28635.0,73.01
29913.0,63.84
27491.0,56.43
26052.0,53.77
25561.0,53.68
25491.0,54.01
26047.0,53.83
28540.0,54.68
33418.0,54.28
36613.0,58.44
38012.0,57.27
38566.0,59.8
38103.0,58.05
38014.0,57.73
36718.0,53.95
36151.0,47.47
36100.0,43.2
36284.0,44.24
37650.0,48.47
40075.0,52.68
40234.0,59.39
39251.0,66.22
36447.0,66.21
32876.0,59.85
26571.0,49.22
24868.0,47.33
24156.0,45.7
23815.0,46.45
23781.0,46.24
24302.0,46.63
26552.0,47.58
30474.0,46.18
32858.0,49.46
33861.0,51.41
34148.0,55.93
33993.0,56.31
33623.0,56.19
33364.0,56.57
32156.0,56.08
31359.0,49.9
30902.0,48.6
30749.0,55.74
31076.0,56.64
33780.0,58.26
35412.0,68.35
34517.0,77.03
32087.0,77.9
29078.0,72.64
22695.0,65.53
21047.0,64.14
19928.0,58.47
19240.0,56.74
18912.0,54.32
18865.0,55.37
19282.0,62.37
19506.0,63.56
19643.0,70.71
21447.0,72.12
22831.0,71.22
23472.0,69.59
23452.0,66.2
23465.0,57.36
23203.0,54.8
22336.0,52.68
21584.0,52.13
21284.0,52.67
21427.0,52.54
21879.0,52.47
23746.0,55.85
26749.0,54.12
25928.0,52.73
24068.0,41.79
25111.0,36.46
23821.0,33.96
22992.0,29.98
22576.0,27.91
22335.0,33.08
22841.0,40.94
24767.0,49.37
27213.0,56.08
29638.0,66.95
30938.0,66.37
31558.0,67.04
31957.0,67.83
32224.0,67.83
32009.0,68.26
30788.0,64.57
30122.0,59.98
30002.0,58.09
29977.0,63.49
29545.0,62.32
29356.0,64.07
29874.0,70.14
31166.0,76.73
29407.0,72.16
26707.0,66.08
26573.0,67.56
25139.0,66.25
23995.0,60.82
23437.0,58.13
23360.0,58.25
23631.0,62.59
25023.0,68.18
27260.0,70.05
29660.0,78.46
31027.0,77.22
32240.0,74.12
32861.0,75.29
33369.0,76.19
33534.0,75.72
32539.0,75.46
31941.0,72.5
31921.0,71.98
32097.0,72.5
31923.0,73.12
31403.0,77.21
30845.0,78.79
30670.0,81.74
30146.0,75.81
28164.0,71.71
27589.0,66.04
25894.0,63.43
24390.0,59.9
23412.0,57.56
22896.0,54.8
22616.0,54.64
22256.0,58.46
21877.0,60.56
23009.0,69.36
24813.0,70.21
26651.0,67.3
27824.0,66.89
28803.0,67.47
29874.0,63.14
30452.0,56.37
30135.0,55.04
29630.0,54.01
29312.0,53.95
29272.0,54.65
29286.0,57.69
29557.0,63.78
30451.0,71.13
31642.0,69.57
30222.0,55.27
28240.0,45.02
26321.0,39.35
24975.0,37.22
24280.0,37.14
23907.0,36.38
24179.0,36.55
25639.0,42.31
27175.0,49.47
29438.0,52.01
31888.0,53.79
33513.0,52.26
34641.0,52.35
35550.0,51.83
36285.0,52.13
35647.0,50.57
34963.0,46.11
34828.0,49.76
34819.0,51.26
34366.0,53.96
33606.0,55.02
32895.0,64.26
33368.0,75.78
32890.0,77.03
30717.0,69.08
25516.0,66.35
24011.0,62.83
22893.0,61.93
22114.0,61.79
21833.0,61.51
21692.0,62.41
21880.0,62.81
22388.0,63.97
23241.0,68.67
25317.0,67.37
27033.0,66.56
27499.0,68.08
27664.0,67.06
27820.0,65.99
27219.0,65.41
26058.0,60.87
25436.0,59.22
25213.0,58.9
25195.0,59.84
25214.0,57.63
26348.0,60.87
28156.0,65.95
26477.0,63.93
24758.0,58.94
23103.0,60.15
21944.0,60.23
21305.0,57.27
20996.0,57.13
21010.0,54.24
21656.0,54.2
24026.0,54.14
27781.0,50.34
29810.0,52.44
30730.0,52.57
31761.0,52.99
32159.0,56.22
32651.0,55.16
32456.0,55.1
31292.0,51.47
30630.0,48.78
30278.0,47.77
30458.0,48.27
30129.0,50.24
30743.0,52.0
32913.0,52.63
32042.0,65.53
28978.0,66.56
26348.0,59.38
24586.0,65.34
23128.0,60.19
22209.0,56.82
21872.0,56.34
21811.0,54.86
22224.0,58.44
24412.0,61.89
27770.0,64.91
29788.0,69.59
30806.0,69.9
31266.0,69.12
31488.0,70.04
31608.0,69.53
31385.0,68.96
30298.0,66.4
29536.0,61.3
29338.0,59.19
29773.0,60.08
32069.0,60.08
32956.0,58.99
32947.0,66.32
31813.0,71.98
29010.0,70.95
26318.0,61.67
27449.0,61.33
25432.0,58.69
23884.0,56.3
23123.0,55.16
22716.0,57.11
22683.0,59.17
23350.0,62.79
24718.0,66.14
26158.0,71.25
28734.0,70.17
30456.0,69.47
30328.0,69.69
29773.0,69.32
29563.0,68.35
28878.0,66.92
27787.0,62.39
27231.0,59.25
27824.0,60.06
30150.0,60.36
30703.0,60.13
31027.0,65.83
30771.0,70.78
29523.0,68.12
27589.0,59.96
25775.0,58.53
24127.0,55.27
23031.0,54.06
22821.0,53.6
22651.0,54.49
23028.0,54.37
24751.0,59.18
27350.0,59.47
29538.0,65.58
30808.0,65.41
31535.0,66.75
32136.0,67.46
32946.0,65.46
33209.0,64.2
32305.0,61.37
31883.0,55.77
32098.0,53.25
32472.0,55.33
31987.0,56.42
31554.0,59.38
31447.0,64.28
31997.0,69.08
30455.0,64.85
28098.0,60.8
26430.0,62.5
24909.0,57.74
23836.0,53.43
23525.0,51.37
23233.0,49.08
23528.0,51.57
25254.0,56.0
27548.0,59.36
30033.0,66.05
31556.0,67.24
32399.0,68.69
33125.0,69.77
33941.0,66.34
34143.0,63.69
33101.0,56.67
32782.0,50.78
32995.0,49.24
33024.0,48.66
32495.0,47.81
31916.0,47.24
31598.0,49.4
32293.0,54.26
30766.0,49.9
28123.0,43.89
26377.0,41.23
24858.0,40.48
23878.0,39.2
23265.0,39.17
23014.0,39.05
23285.0,40.58
24684.0,43.47
26585.0,48.52
28446.0,60.04
29632.0,61.36
30482.0,61.46
30903.0,63.64
31365.0,64.64
31279.0,63.25
30194.0,61.59
29511.0,57.11
29336.0,56.1
29336.0,56.34
29025.0,54.89
28773.0,57.94
28702.0,60.47
29540.0,69.62
28556.0,67.85
26622.0,60.02
25303.0,52.24
23837.0,49.6
22843.0,43.88
22154.0,43.75
21823.0,42.54
21735.0,41.4
21815.0,41.52
22012.0,41.38
23752.0,44.57
25879.0,48.28
27476.0,45.14
27959.0,45.69
28181.0,45.94
28319.0,52.13
27341.0,49.11
26052.0,44.48
25408.0,42.92
25223.0,42.65
25194.0,44.29
25268.0,48.48
25507.0,44.76
26945.0,51.76
26941.0,50.27
25289.0,43.84
23763.0,42.56
22239.0,37.06
21154.0,33.38
20462.0,32.5
20175.0,30.42
20130.0,32.92
19988.0,34.77
19721.0,33.4
20913.0,39.8
22671.0,42.06
24370.0,43.03
25102.0,46.01
25411.0,47.8
25814.0,54.04
25432.0,51.75
24359.0,44.77
23761.0,43.17
23487.0,42.51
23726.0,43.42
24098.0,45.36
24692.0,52.77
26824.0,60.68
27437.0,59.82
25439.0,52.91
23568.0,62.18
22176.0,59.6
21382.0,56.81
21126.0,54.09
21105.0,53.6
21655.0,59.21
23781.0,62.39
26332.0,60.31
28961.0,66.24
30299.0,69.42
31135.0,68.46
31753.0,69.09
32417.0,69.06
32547.0,68.24
31321.0,67.26
30774.0,65.02
30809.0,66.35
30987.0,66.14
30691.0,64.98
30318.0,63.71
30393.0,64.04
31297.0,67.27
29904.0,63.01
27171.0,59.01
25647.0,51.97
24204.0,48.74
23385.0,45.91
23007.0,44.57
22949.0,44.87
23268.0,44.48
24819.0,49.1
27257.0,51.75
29725.0,51.1
30981.0,56.88
31588.0,59.22
32067.0,60.61
32476.0,63.26
32284.0,63.5
31034.0,60.93
30394.0,58.74
30315.0,57.91
30409.0,57.72
30255.0,53.77
30072.0,51.12
30174.0,50.91
30798.0,58.32
29443.0,54.14
26694.0,51.17
25250.0,51.82
23820.0,48.73
23009.0,48.13
22642.0,47.3
22497.0,47.03
22946.0,50.53
24518.0,55.21
26634.0,59.72
28939.0,68.82
30260.0,67.94
30953.0,61.43
31371.0,61.57
31637.0,60.92
31355.0,60.93
30221.0,60.08
29374.0,58.84
29353.0,57.13
29419.0,57.43
29055.0,57.83
28869.0,57.69
29215.0,60.2
30224.0,62.12
29089.0,59.88
26603.0,57.21
25115.0,52.97
23648.0,47.03
22838.0,44.23
22503.0,44.59
22305.0,43.81
22603.0,44.5
24254.0,53.06
26522.0,51.57
28829.0,57.55
29886.0,57.49
30518.0,56.56
30896.0,61.97
31239.0,65.92
31022.0,65.33
29869.0,61.52
29191.0,59.09
29169.0,59.03
29261.0,57.51
29228.0,57.9
28953.0,54.22
29176.0,54.36
30267.0,58.29
29398.0,54.91
26890.0,55.18
25530.0,54.18
24112.0,48.73
23197.0,48.45
22701.0,46.17
22521.0,45.99
23008.0,48.19
24632.0,54.08
26895.0,56.03
29117.0,57.52
30227.0,57.97
30895.0,57.24
31288.0,59.06
31492.0,59.48
31388.0,60.36
30136.0,59.69
29358.0,57.73
29183.0,57.7
29173.0,57.44
28951.0,58.74
28724.0,58.47
28698.0,59.74
29543.0,62.49
28844.0,60.65
26749.0,56.46
25502.0,49.16
24069.0,43.15
22995.0,42.76
22332.0,41.83
22135.0,42.23
21945.0,42.72
21841.0,43.53
22220.0,42.55
24023.0,49.37
26181.0,50.9
27576.0,53.43
27991.0,54.87
28098.0,55.54
28095.0,56.21
27127.0,52.62
25906.0,48.13
25264.0,44.49
25096.0,41.94
25100.0,42.71
25238.0,42.85
25634.0,46.29
27048.0,52.23
27022.0,51.16
25326.0,45.6
23785.0,42.18
22267.0,39.79
21244.0,38.31
20620.0,40.03
20320.0,40.61
20250.0,41.6
20060.0,41.02
19834.0,40.05
20790.0,41.64
22271.0,43.63
23670.0,43.5
24393.0,49.43
24597.0,52.04
24871.0,53.23
24642.0,52.59
23456.0,44.4
22869.0,42.5
22498.0,42.33
22711.0,43.09
23160.0,43.2
24218.0,49.17
26092.0,55.68
26837.0,58.12
25190.0,52.9
23507.0,53.72
21944.0,51.52
21114.0,50.97
20745.0,49.57
20754.0,49.26
21406.0,50.65
23360.0,54.26
25991.0,56.12
28376.0,60.33
29772.0,60.84
30480.0,63.17
30671.0,65.34
31056.0,67.44
31018.0,67.12
30158.0,66.49
29566.0,64.48
29436.0,62.56
29459.0,63.72
29160.0,63.45
28999.0,61.68
29330.0,63.11
30252.0,67.26
29293.0,65.94
26741.0,60.75
25120.0,59.16
23845.0,54.14
22932.0,50.52
22613.0,49.64
22451.0,49.84
22867.0,51.86
24483.0,53.81
26864.0,56.66
29118.0,61.89
30299.0,63.55
30885.0,63.11
31355.0,64.1
31819.0,64.1
31805.0,63.05
30873.0,61.47
30125.0,60.22
30156.0,60.18
30284.0,60.64
29843.0,60.14
29527.0,59.05
29715.0,60.33
30510.0,64.36
29686.0,62.54
27064.0,56.3
25625.0,56.08
24097.0,49.81
23266.0,47.48
22909.0,46.72
22828.0,45.83
23087.0,47.01
24616.0,49.57
27006.0,58.37
29317.0,62.88
30405.0,63.24
31262.0,62.33
31738.0,64.92
32197.0,66.03
32249.0,66.85
31147.0,65.46
30555.0,64.07
30569.0,64.12
30643.0,64.13
30369.0,64.51
30021.0,64.25
30022.0,64.19
30517.0,67.12
29661.0,65.37
27281.0,61.36
25724.0,60.22
24211.0,57.82
23174.0,55.66
23021.0,54.54
22831.0,54.32
23214.0,56.1
24709.0,60.86
27060.0,62.36
29374.0,65.46
30674.0,66.21
31560.0,66.91
32089.0,68.48
32594.0,68.79
32729.0,68.55
31654.0,66.79
31135.0,65.06
31293.0,64.54
31391.0,64.62
31046.0,65.42
30560.0,64.85
30462.0,64.87
30881.0,68.64
30169.0,67.22
27612.0,63.27
26194.0,59.88
24704.0,55.79
23628.0,54.3
23046.0,55.74
23240.0,59.84
24750.0,61.38
27082.0,63.72
29251.0,67.95
30577.0,70.47
31451.0,71.23
31883.0,73.74
32344.0,73.94
32263.0,72.79
31156.0,70.12
30428.0,67.16
30309.0,66.84
30184.0,66.99
29691.0,66.16
29350.0,65.7
29350.0,65.15
29745.0,68.7
29069.0,68.32
27037.0,63.49
25662.0,62.37
24173.0,61.34
22967.0,60.36
22270.0,59.36
21935.0,58.89
21778.0,59.04
21792.0,59.14
22189.0,59.37
24050.0,61.67
26366.0,61.4
27897.0,63.19
28336.0,66.44
28396.0,64.08
28487.0,63.16
27706.0,62.1
26462.0,60.13
25798.0,54.54
25606.0,53.72
25560.0,54.25
25665.0,58.31
26066.0,60.3
26968.0,63.88
27068.0,63.88
25409.0,61.1
23970.0,63.02
22325.0,61.06
21121.0,57.64
20490.0,56.61
20211.0,55.78
20153.0,56.19
19883.0,56.05
19717.0,55.83
20809.0,56.95
22576.0,57.13
23987.0,60.36
24716.0,62.69
25003.0,61.45
25433.0,62.37
25321.0,61.5
24144.0,55.62
23630.0,54.7
23474.0,53.25
23593.0,53.89
24102.0,53.84
24820.0,55.49
26364.0,66.71
27282.0,70.17
25419.0,61.9
26304.0,62.78
23940.0,56.67
22118.0,54.54
21015.0,53.87
20518.0,54.2
20478.0,55.87
20926.0,61.28
21676.0,64.43
22195.0,69.92
23806.0,70.7
25842.0,72.04
26754.0,74.17
26633.0,74.58
26664.0,73.67
26154.0,72.35
24866.0,70.68
24346.0,69.93
24812.0,70.19
27582.0,69.16
29150.0,67.16
30122.0,67.71
31077.0,70.63
30449.0,70.66
28235.0,65.69
29977.0,61.14
27564.0,59.1
26211.0,56.01
25647.0,55.96
25477.0,56.99
26009.0,60.07
28714.0,61.77
33795.0,65.26
37005.0,71.12
38648.0,72.12
39123.0,72.36
38891.0,74.18
38397.0,73.94
38163.0,73.56
36847.0,70.95
36223.0,68.61
36058.0,68.17
36294.0,69.36
37282.0,67.71
39398.0,65.87
39344.0,67.34
38547.0,70.46
36263.0,70.2
33359.0,64.44
26951.0,61.92
25226.0,59.3
23966.0,54.77
23582.0,54.49
23516.0,54.42
24101.0,55.57
26620.0,61.24
30243.0,64.71
32876.0,70.05
34065.0,71.8
34471.0,71.9
34113.0,73.78
33268.0,73.85
32997.0,73.78
31691.0,70.38
30815.0,67.34
30315.0,67.42
30146.0,68.6
30139.0,68.26
32727.0,67.69
33977.0,68.49
33307.0,70.96
31441.0,72.51
28932.0,66.81
22074.0,64.74
20416.0,62.03
19458.0,57.84
18927.0,57.11
18769.0,55.73
19078.0,57.67
20299.0,61.54
22130.0,65.08
23314.0,70.17
25280.0,70.65
26446.0,70.33
26783.0,72.08
26807.0,72.47
26841.0,72.3
26275.0,70.56
25150.0,68.39
24680.0,68.38
24496.0,69.72
24354.0,69.09
24745.0,69.23
26626.0,70.05
29240.0,71.36
27549.0,71.8
25145.0,67.26
25080.0,62.59
23523.0,56.81
22639.0,53.64
22385.0,53.61
22290.0,53.54
22683.0,53.37
24548.0,60.69
26973.0,65.43
29293.0,70.85
30335.0,72.19
31080.0,72.93
31272.0,74.04
31653.0,73.92
31659.0,74.52
30589.0,73.15
29902.0,70.42
29812.0,69.77
29815.0,69.94
29378.0,69.68
29046.0,68.9
29400.0,70.78
30923.0,70.87
29352.0,68.91
26929.0,63.88
26884.0,59.47
25221.0,54.79
23979.0,53.28
23195.0,52.69
22775.0,52.19
22607.0,51.62
22501.0,51.44
22787.0,52.43
24499.0,55.82
27045.0,62.83
28825.0,64.26
29507.0,67.14
29785.0,67.17
30115.0,69.56
29334.0,67.23
28212.0,59.95
27558.0,54.72
27502.0,54.05
27558.0,54.02
27784.0,54.54
27937.0,55.45
28270.0,65.17
28075.0,67.27
26637.0,55.63
28037.0,58.73
26040.0,54.0
24743.0,52.3
24031.0,52.42
23822.0,52.55
24162.0,52.55
26002.0,52.16
28276.0,51.66
31415.0,54.11
33910.0,54.73
35826.0,54.06
36590.0,57.69
37971.0,62.62
38841.0,66.29
38572.0,65.85
38284.0,55.25
38365.0,54.81
38364.0,54.95
37583.0,55.71
36767.0,57.84
35809.0,56.52
35262.0,65.97
35204.0,72.15
32926.0,64.95
28503.0,64.93
26487.0,56.48
25114.0,54.38
24347.0,54.7
23971.0,54.33
24065.0,54.53
25451.0,56.85
26818.0,64.35
29149.0,70.59
31613.0,72.04
33257.0,73.48
34377.0,75.43
35314.0,76.13
36164.0,76.02
35675.0,73.67
35033.0,71.2
34863.0,70.83
34887.0,71.87
34362.0,71.71
33522.0,71.1
32888.0,70.14
33441.0,72.26
32823.0,71.78
30626.0,65.45
23354.0,62.75
21997.0,54.5
20908.0,53.12
20234.0,53.39
19869.0,52.82
19809.0,53.37
20074.0,57.57
20055.0,63.76
20150.0,72.12
21690.0,72.86
23090.0,72.99
24118.0,74.89
24640.0,75.51
25142.0,75.48
24933.0,74.68
23754.0,71.37
23160.0,70.51
22905.0,72.01
23018.0,72.16
23347.0,70.61
24865.0,71.45
27298.0,73.06
26245.0,73.6
24598.0,69.98
24921.0,65.66
23633.0,60.81
22948.0,58.52
22483.0,56.2
22330.0,56.56
22732.0,58.12
24578.0,62.35
28359.0,64.46
30123.0,72.15
30987.0,71.3
31701.0,71.56
32110.0,73.43
32496.0,73.33
32360.0,72.59
31143.0,68.28
30374.0,64.19
30249.0,64.95
30313.0,66.67
29938.0,69.82
30335.0,70.25
32656.0,71.05
31947.0,72.68
28818.0,73.44
26217.0,70.31
24708.0,69.58
23193.0,63.64
22283.0,61.6
21881.0,59.75
21847.0,59.91
22300.0,61.17
24612.0,63.05
28113.0,67.29
29898.0,72.6
30788.0,74.47
31213.0,75.74
31337.0,78.3
31523.0,78.28
31385.0,78.19
30242.0,75.24
29435.0,70.73
29143.0,70.15
29293.0,71.75
31440.0,72.31
32292.0,71.32
32099.0,72.71
31076.0,74.85
28565.0,75.99
26357.0,73.95
25453.0,70.31
23421.0,68.04
22186.0,64.31
21464.0,61.17
21118.0,57.93
21150.0,57.3
21470.0,62.74
22142.0,66.97
22579.0,72.45
24565.0,73.56
26380.0,73.53
26840.0,75.46
26556.0,75.29
26789.0,75.47
26631.0,71.1
25565.0,65.59
24997.0,64.18
25517.0,64.78
28079.0,65.05
28795.0,65.14
29403.0,69.6
29709.0,72.63
28919.0,73.6
26977.0,71.77
25724.0,68.69
24243.0,67.66
23028.0,63.83
22460.0,61.6
22104.0,62.08
21855.0,62.18
21801.0,61.78
22198.0,61.03
24019.0,65.87
26242.0,68.66
27908.0,70.45
28469.0,71.76
28518.0,71.76
28493.0,70.1
27541.0,68.13
26377.0,62.84
25516.0,57.86
25402.0,57.02
25376.0,61.19
25596.0,65.24
25646.0,67.43
26549.0,69.98
26635.0,72.12
25069.0,67.13
23465.0,66.52
22086.0,60.44
21107.0,57.04
20474.0,55.91
20146.0,55.23
20040.0,55.56
19775.0,55.59
19525.0,55.01
20576.0,57.2
22133.0,58.93
23551.0,58.93
24559.0,62.8
24891.0,63.88
25339.0,65.87
25045.0,64.59
23908.0,61.09
23241.0,58.19
23000.0,58.05
23183.0,62.33
23547.0,66.34
24315.0,67.27
25753.0,72.37
26833.0,74.31
25174.0,70.5
23503.0,63.39
22083.0,57.18
21349.0,53.46
21022.0,52.51
20945.0,51.69
21537.0,52.23
23424.0,56.64
26021.0,61.67
28616.0,70.42
30047.0,73.82
31025.0,74.03
31550.0,75.58
31940.0,76.76
31760.0,76.51
30578.0,75.1
29787.0,71.3
29571.0,70.71
29668.0,70.89
29380.0,70.93
29108.0,67.9
29347.0,68.85
29618.0,69.82
28777.0,69.36
26509.0,63.52
24991.0,61.31
23568.0,55.7
22668.0,53.5
22372.0,52.86
22341.0,52.21
22678.0,52.86
24233.0,55.52
26596.0,61.74
28719.0,69.62
30011.0,71.61
30742.0,71.59
30892.0,76.55
31466.0,77.45
31451.0,77.7
30430.0,74.56
29642.0,72.27
29552.0,72.02
29667.0,72.11
29369.0,71.63
29253.0,68.83
29354.0,69.13
29571.0,70.32
29296.0,69.39
26767.0,63.99
25550.0,56.08
23951.0,52.14
22969.0,50.93
22530.0,48.1
22439.0,47.55
22835.0,47.78
24215.0,51.3
26640.0,60.67
28804.0,68.45
29871.0,69.13
31119.0,69.87
31388.0,75.07
31911.0,74.53
32017.0,75.0
30813.0,71.34
30178.0,63.92
30260.0,65.97
30347.0,67.44
30036.0,64.02
30023.0,58.58
30160.0,59.82
29765.0,64.27
29341.0,64.33
27175.0,55.93
25830.0,48.8
24387.0,44.79
23254.0,40.52
22900.0,38.53
22690.0,38.56
23054.0,40.44
24391.0,45.16
27168.0,50.94
29184.0,57.72
30489.0,63.01
31321.0,65.03
31678.0,70.47
32274.0,72.56
32461.0,72.76
31452.0,70.61
30834.0,64.09
30924.0,69.17
31139.0,69.58
30872.0,69.44
30591.0,65.42
30227.0,66.93
30194.0,68.77
30019.0,69.09
27739.0,56.87
26493.0,51.24
24918.0,46.49
23887.0,44.1
23593.0,43.49
23450.0,42.94
23767.0,42.81
24991.0,49.91
27292.0,58.55
29467.0,69.46
30966.0,68.65
32098.0,69.82
32478.0,74.08
33020.0,75.17
33211.0,74.32
32136.0,72.69
31341.0,71.08
31332.0,69.97
31457.0,69.42
31213.0,68.0
30986.0,60.38
30408.0,62.31
29911.0,66.12
29609.0,65.55
27876.0,56.5
26825.0,55.43
25154.0,51.09
24018.0,47.38
23295.0,45.06
22970.0,43.13
22626.0,42.7
22465.0,42.99
22771.0,46.49
24602.0,52.97
26685.0,57.86
28574.0,62.42
29357.0,64.34
29679.0,64.05
29909.0,64.84
29264.0,64.05
28214.0,59.55
27598.0,55.23
27601.0,53.68
27634.0,56.18
27676.0,58.33
27770.0,63.16
27929.0,66.17
28172.0,66.25
26700.0,63.76
25136.0,56.03
23601.0,53.62
22320.0,52.6
21526.0,52.53
21094.0,51.97
20871.0,52.11
20532.0,51.88
20295.0,51.2
21416.0,52.86
23127.0,53.03
24608.0,59.35
25621.0,64.13
25989.0,63.33
26716.0,64.86
26763.0,62.73
25947.0,54.46
25424.0,54.2
25221.0,53.48
25285.0,62.76
25637.0,64.61
26044.0,65.42
27286.0,67.15
28662.0,71.08
27269.0,65.82
25415.0,67.21
23772.0,63.46
22599.0,61.87
22277.0,61.91
22219.0,61.03
22790.0,61.9
24559.0,67.71
27033.0,69.99
29505.0,78.09
31610.0,78.63
33041.0,78.19
33403.0,82.84
34155.0,82.57
34369.0,81.94
33406.0,80.02
32858.0,75.57
32880.0,76.26
32948.0,77.64
32506.0,76.93
32036.0,73.31
31435.0,74.36
31360.0,76.93
30946.0,76.1
28538.0,72.3
27170.0,70.1
25544.0,67.4
24465.0,62.06
24061.0,61.02
23887.0,60.84
24095.0,60.92
25394.0,66.56
27583.0,68.31
29662.0,76.52
31669.0,76.59
32915.0,77.3
33461.0,82.26
34068.0,82.18
34058.0,80.6
32926.0,75.35
32086.0,69.27
31886.0,68.66
31844.0,69.61
31347.0,70.2
30837.0,67.12
30149.0,72.55
29731.0,75.64
29025.0,75.69
26935.0,66.81
26151.0,64.03
24745.0,62.51
23555.0,59.28
23056.0,58.11
22815.0,58.15
22962.0,60.91
23878.0,66.05
25236.0,68.5
26971.0,76.38
28699.0,76.23
29728.0,76.82
30221.0,81.43
30809.0,82.13
31232.0,81.16
30415.0,78.75
29554.0,76.05
29555.0,75.4
29557.0,76.13
29504.0,76.82
29398.0,72.54
29107.0,73.92
29394.0,76.12
29559.0,76.57
27683.0,71.08
26475.0,68.45
24854.0,67.74
23806.0,63.45
23387.0,62.15
23289.0,62.06
23555.0,66.12
24955.0,68.56
26936.0,69.71
29133.0,75.83
31294.0,76.0
32583.0,77.01
33171.0,82.32
33853.0,82.1
34293.0,81.09
33393.0,78.8
32696.0,76.08
32844.0,76.36
33157.0,77.9
32893.0,78.45
32385.0,73.21
31727.0,73.15
31261.0,76.63
30937.0,77.52
28764.0,71.7
27539.0,70.78
25860.0,68.45
24625.0,66.32
24066.0,66.55
23867.0,66.51
24152.0,67.44
25455.0,69.5
27593.0,70.58
29913.0,76.98
32113.0,78.13
33562.0,78.53
34282.0,84.04
35116.0,83.65
35487.0,83.05
34415.0,80.45
33471.0,77.52
33455.0,76.47
33534.0,77.39
33182.0,77.91
32892.0,74.66
32150.0,73.61
31467.0,73.55
31175.0,73.55
29323.0,68.79
28249.0,62.15
26608.0,56.17
25135.0,54.8
24302.0,54.94
23788.0,54.75
23422.0,54.48
23144.0,55.16
23531.0,56.99
25319.0,68.17
27768.0,72.26
29758.0,72.1
30828.0,74.39
31413.0,74.5
31970.0,74.87
31476.0,72.93
30629.0,69.53
30161.0,68.32
29975.0,67.89
29844.0,69.28
29862.0,66.42
29811.0,68.91
29726.0,69.45
30038.0,71.39
28525.0,62.92
26811.0,64.51
25106.0,57.8
23737.0,55.8
22928.0,55.39
22370.0,55.63
22090.0,55.17
21625.0,56.07
21411.0,55.26
22474.0,59.49
24192.0,58.14
25893.0,57.94
27005.0,62.71
27756.0,64.31
28634.0,67.94
29015.0,64.84
28506.0,59.36
27968.0,57.44
27814.0,56.68
27828.0,57.61
27857.0,58.59
28327.0,60.09
29150.0,68.87
30578.0,72.53
29420.0,68.22
27449.0,59.6
25623.0,56.88
24227.0,55.61
23557.0,55.61
23323.0,55.76
23789.0,57.61
25285.0,67.31
27623.0,69.26
30376.0,75.41
32945.0,75.23
34586.0,78.33
35226.0,84.2
36354.0,84.39
36936.0,83.07
36533.0,79.5
36397.0,77.25
36518.0,76.75
36539.0,77.9
35894.0,78.1
35335.0,75.02
34667.0,74.84
34339.0,76.16
34012.0,76.96
31795.0,73.23
30122.0,69.21
28084.0,62.38
26790.0,57.98
26188.0,57.47
25843.0,57.55
25936.0,59.96
27193.0,64.66
29223.0,66.85
31538.0,75.09
33912.0,75.98
35449.0,77.22
35883.0,85.02
36697.0,84.23
37259.0,80.91
36627.0,78.56
36219.0,75.89
36446.0,74.73
36618.0,76.43
36039.0,75.65
35500.0,72.4
34763.0,73.35
34513.0,74.85
34409.0,74.98
32103.0,69.08
25555.0,68.31
23341.0,60.52
22029.0,55.91
21456.0,55.9
21457.0,55.89
22229.0,57.6
25041.0,65.88
29412.0,67.38
33176.0,73.42
35462.0,75.59
36783.0,79.25
36950.0,84.24
36399.0,82.99
36154.0,82.12
34823.0,76.93
33974.0,75.65
33804.0,74.89
34366.0,76.1
36859.0,76.41
38014.0,73.22
38193.0,73.99
37233.0,76.36
34465.0,76.86
31404.0,72.44
30477.0,68.18
27917.0,63.07
26000.0,59.58
24985.0,59.42
24552.0,63.38
24565.0,65.68
25206.0,68.12
26677.0,68.83
28515.0,76.93
31978.0,80.26
34944.0,82.01
35516.0,86.42
35128.0,87.01
35100.0,86.66
34413.0,86.0
33187.0,83.25
32346.0,82.27
32009.0,82.89
33214.0,82.93
35297.0,78.03
35951.0,76.44
35617.0,77.01
34101.0,77.23
31578.0,73.87
26839.0,68.28
24891.0,65.02
23455.0,65.01
22617.0,65.75
22283.0,65.97
22263.0,65.76
22717.0,66.58
23643.0,68.05
25377.0,74.53
28015.0,76.09
29367.0,78.23
29298.0,82.8
28646.0,81.65
28414.0,78.44
27723.0,72.57
26468.0,71.28
25770.0,67.31
25388.0,76.05
25464.0,74.78
27753.0,70.09
29742.0,71.48
29813.0,75.44
28643.0,76.74
26720.0,72.16
23313.0,68.5
21788.0,59.94
20900.0,59.8
20327.0,56.89
20306.0,56.75
20827.0,57.04
23413.0,57.4
26962.0,57.13
29116.0,68.31
30515.0,70.16
31203.0,73.01
31334.0,75.09
31338.0,74.63
31038.0,74.52
29966.0,72.22
29268.0,63.84
29115.0,60.28
28985.0,59.3
28529.0,60.53
28493.0,61.18
30134.0,70.12
32324.0,74.63
29687.0,75.03
27014.0,70.3
25244.0,70.26
23653.0,60.93
22719.0,56.37
22317.0,54.24
22044.0,54.0
22412.0,53.65
24352.0,53.79
26614.0,52.76
28910.0,55.61
30059.0,57.43
30852.0,60.7
31204.0,65.86
31651.0,62.22
31605.0,64.38
30413.0,62.15
29947.0,58.31
30027.0,57.01
30128.0,56.04
29835.0,57.12
29545.0,58.06
29644.0,63.21
31049.0,75.42
29514.0,76.76
27108.0,71.59
24928.0,60.17
23274.0,56.72
22212.0,54.75
21436.0,54.32
21131.0,53.98
20930.0,56.25
20529.0,64.72
20418.0,65.92
21269.0,73.54
23047.0,78.87
24703.0,81.29
25530.0,86.02
25872.0,85.79
26496.0,84.47
26750.0,80.27
25946.0,75.72
25393.0,75.16
25231.0,75.74
25417.0,75.63
25804.0,77.41
26281.0,77.2
27529.0,76.77
28716.0,77.8
27036.0,72.65
30862.0,70.94
28546.0,68.21
27142.0,59.13
26365.0,58.18
26040.0,58.15
26083.0,62.95
27461.0,68.03
29461.0,68.32
32069.0,76.2
34415.0,79.22
36184.0,80.73
37255.0,85.71
38548.0,85.87
39300.0,85.24
38838.0,82.27
38468.0,79.97
38963.0,78.38
39068.0,78.18
38369.0,76.88
37548.0,72.4
36535.0,67.45
35848.0,69.74
35656.0,73.05
33383.0,68.74
28682.0,67.77
26710.0,58.46
25380.0,55.52
24595.0,54.51
24205.0,54.22
24301.0,54.25
25805.0,58.4
27380.0,58.58
29706.0,71.36
31994.0,75.26
33693.0,77.7
34823.0,84.7
35778.0,85.49
36506.0,85.33
36209.0,83.81
35483.0,80.37
35154.0,79.81
34975.0,80.07
34375.0,79.73
33710.0,75.14
32969.0,74.63
33231.0,75.58
32197.0,76.05
30323.0,69.38
22859.0,60.07
21709.0,58.17
20885.0,53.55
20521.0,52.16
20540.0,51.85
20995.0,51.63
23413.0,54.39
25873.0,54.81
27608.0,62.3
29468.0,71.37
30611.0,75.4
31345.0,82.56
31768.0,84.13
31758.0,84.84
30770.0,82.5
29896.0,82.18
29668.0,84.21
29722.0,84.6
29177.0,84.41
28869.0,81.88
29906.0,81.42
31294.0,82.43
28563.0,82.0
26266.0,78.64
24695.0,70.63
23384.0,69.25
22608.0,67.42
22360.0,66.85
22226.0,66.1
22612.0,65.69
24535.0,67.96
28153.0,67.44
29797.0,75.85
30350.0,77.44
31011.0,78.76
31319.0,84.74
31659.0,84.78
31663.0,83.14
30418.0,80.97
29544.0,78.09
29403.0,78.02
29390.0,78.29
29099.0,78.66
29752.0,75.26
32302.0,75.44
31536.0,75.81
28375.0,75.81
25969.0,69.0
24630.0,67.92
23011.0,59.26
22063.0,56.06
21532.0,55.76
21271.0,54.43
21038.0,53.92
21392.0,53.7
22448.0,53.43
23665.0,57.25
25847.0,60.31
27107.0,70.33
27427.0,73.71
27317.0,74.7
27443.0,75.86
26648.0,73.58
25384.0,70.51
24602.0,67.64
24540.0,64.51
26799.0,65.83
27903.0,67.46
28119.0,71.57
27871.0,74.22
26075.0,74.2
24173.0,70.79
24683.0,70.11
22850.0,60.6
21724.0,58.11
21106.0,57.39
20926.0,56.53
21292.0,55.74
22710.0,55.15
24731.0,53.99
25931.0,57.32
27856.0,57.64
29061.0,59.69
29216.0,64.86
28964.0,68.39
29425.0,73.16
29071.0,72.74
28097.0,64.84
27610.0,61.53
28229.0,59.99
30152.0,60.45
30477.0,60.28
30713.0,62.35
30545.0,72.97
29010.0,75.5
26983.0,71.3
28095.0,70.11
26176.0,58.64
24718.0,57.27
23938.0,56.81
23654.0,56.24
24056.0,56.82
25939.0,68.76
28352.0,69.15
31092.0,77.72
33795.0,78.33
35464.0,81.08
36319.0,87.28
37365.0,87.98
37955.0,87.65
37673.0,86.67
37321.0,83.43
37374.0,84.82
37337.0,84.61
36724.0,84.19
36050.0,78.77
35125.0,76.95
34549.0,78.64
34327.0,79.16
32142.0,73.22
30405.0,68.01
28331.0,60.45
26848.0,55.15
26076.0,54.36
25777.0,55.08
25962.0,53.85
27352.0,60.11
29538.0,58.41
31872.0,74.81
34303.0,76.37
35981.0,79.11
36890.0,86.38
37978.0,86.59
38863.0,86.91
38433.0,84.84
38081.0,81.45
38098.0,81.88
37994.0,81.81
37291.0,80.7
36587.0,75.43
35487.0,74.79
34950.0,75.95
34753.0,76.07
32573.0,69.78
30758.0,66.97
28485.0,57.88
26999.0,55.29
26429.0,53.58
25918.0,53.46
26058.0,53.96
27517.0,62.39
29435.0,67.02
32024.0,76.48
34624.0,78.22
36375.0,80.55
37210.0,86.77
38341.0,86.91
38974.0,86.92
38539.0,84.26
38170.0,81.58
38233.0,80.96
38192.0,81.28
37423.0,81.66
36733.0,77.33
35730.0,76.58
35287.0,78.6
34893.0,78.53
32755.0,73.6
30952.0,70.08
28833.0,65.44
27326.0,57.93
26586.0,58.96
26082.0,55.82
26206.0,56.29
27607.0,66.56
29418.0,70.77
31829.0,77.59
34227.0,79.89
35818.0,80.2
36686.0,85.73
38032.0,86.05
38762.0,86.12
38382.0,83.3
38051.0,79.93
38177.0,79.6
38039.0,81.69
37182.0,83.27
36482.0,80.59
35440.0,81.32
34969.0,82.46
34680.0,82.25
32740.0,77.33
31197.0,68.97
29249.0,57.63
27585.0,56.52
26837.0,56.5
26449.0,56.37
26585.0,58.98
28047.0,67.17
29946.0,68.04
32433.0,75.69
34994.0,80.05
36416.0,81.59
37286.0,87.83
38270.0,85.99
38764.0,86.42
38348.0,83.96
37665.0,79.41
37573.0,78.69
37283.0,80.91
36426.0,83.0
35659.0,80.77
34595.0,80.94
33886.0,81.79
33413.0,81.73
31598.0,78.12
30265.0,76.21
28532.0,73.94
26897.0,69.04
25918.0,67.58
25265.0,63.42
24923.0,60.48
24905.0,59.71
24963.0,58.75
26553.0,72.6
28892.0,75.47
31097.0,76.36
31952.0,79.06
32612.0,78.7
33179.0,77.67
32956.0,72.49
32201.0,60.74
31653.0,59.73
31317.0,59.66
30757.0,62.07
30533.0,70.75
30411.0,76.26
30528.0,79.71
30565.0,81.12
28998.0,78.15
27435.0,76.37
25785.0,71.18
24387.0,63.03
23500.0,59.37
22937.0,58.35
22676.0,56.6
22455.0,56.62
21814.0,54.96
22632.0,57.39
24277.0,58.45
25972.0,61.14
27003.0,65.28
27919.0,67.9
28823.0,73.09
29319.0,70.46
29042.0,62.07
28769.0,60.38
28516.0,60.61
28364.0,62.89
28532.0,64.86
28852.0,75.09
29833.0,81.32
31428.0,82.0
30126.0,79.69
28166.0,72.66
26289.0,62.49
25026.0,58.66
24433.0,55.84
24123.0,54.86
24583.0,56.22
26657.0,59.38
28928.0,67.71
31823.0,75.39
34544.0,80.9
36642.0,83.05
37583.0,88.45
38662.0,89.18
39361.0,89.11
38905.0,87.96
38405.0,85.37
38446.0,84.74
38342.0,85.39
37415.0,85.14
36581.0,80.79
35622.0,80.5
35191.0,81.96
35020.0,81.84
32737.0,75.78
30922.0,72.49
28872.0,66.12
27403.0,59.09
26689.0,58.66
26390.0,58.11
26580.0,58.44
27932.0,67.64
30005.0,71.16
32726.0,79.65
35321.0,81.28
37260.0,83.23
38162.0,88.95
39340.0,89.12
39928.0,89.03
39436.0,87.51
38863.0,84.81
38816.0,83.52
38758.0,84.23
38010.0,81.84
37072.0,79.32
35950.0,78.49
35488.0,81.19
34936.0,81.98
32866.0,77.59
31036.0,71.4
28891.0,67.22
27443.0,58.94
26619.0,57.59
26242.0,56.85
26418.0,57.34
27900.0,61.86
29773.0,70.32
32297.0,79.29
34912.0,80.74
36596.0,83.55
37464.0,88.69
38493.0,89.16
39140.0,89.04
38668.0,88.48
38019.0,85.2
37575.0,85.02
37585.0,84.01
37010.0,82.39
36233.0,78.32
35225.0,77.14
34699.0,79.12
34345.0,78.18
32252.0,72.91
30695.0,67.5
28630.0,58.36
27259.0,56.53
26568.0,56.63
26160.0,56.92
26261.0,57.31
27665.0,67.81
29520.0,71.93
31962.0,80.57
34434.0,81.47
36237.0,83.0
37150.0,88.12
38186.0,88.44
38945.0,88.51
38362.0,87.31
37950.0,84.63
37957.0,84.18
37961.0,84.81
37255.0,84.89
36475.0,80.45
35363.0,80.08
34994.0,81.08
34686.0,81.54
32508.0,75.83
30776.0,71.84
28881.0,59.04
27306.0,56.59
26686.0,55.3
26228.0,54.26
26420.0,54.99
27961.0,57.62
29769.0,68.12
32219.0,78.54
34695.0,80.89
36525.0,81.97
37353.0,86.77
38344.0,87.69
38870.0,86.86
37987.0,84.18
37285.0,80.04
37151.0,78.59
36956.0,77.99
36217.0,75.76
35486.0,68.65
34522.0,68.83
33763.0,74.07
33041.0,74.43
31104.0,65.15
29901.0,56.03
28196.0,53.53
26608.0,52.4
25590.0,48.84
24983.0,47.95
24443.0,47.77
24489.0,48.89
24633.0,48.21
25977.0,55.76
28020.0,57.6
29871.0,59.92
30667.0,70.59
31212.0,73.78
31686.0,74.49
31348.0,70.17
30734.0,63.65
30129.0,62.43
29831.0,62.5
29607.0,63.18
29461.0,65.05
29384.0,72.15
29697.0,75.73
29930.0,78.03
28287.0,73.14
26689.0,69.55
25142.0,59.71
23837.0,55.87
22969.0,55.58
22549.0,55.74
22273.0,54.82
22224.0,54.63
21632.0,52.87
22402.0,56.06
23958.0,56.84
25475.0,57.62
26700.0,59.76
27498.0,60.26
28398.0,60.12
29024.0,58.88
28731.0,55.7
28410.0,54.06
28276.0,53.62
28253.0,56.46
28366.0,57.28
28619.0,59.55
29782.0,74.29
31176.0,78.42
29873.0,73.7
28046.0,57.19
26101.0,54.63
24766.0,53.18
24138.0,52.19
23908.0,50.59
24337.0,52.65
26363.0,55.23
28471.0,59.41
31121.0,76.75
33814.0,80.18
35517.0,81.89
36132.0,88.43
37106.0,88.99
37698.0,88.62
37108.0,86.07
36642.0,84.32
36527.0,83.8
36574.0,84.35
35940.0,84.23
35145.0,80.78
34192.0,80.45
34004.0,81.68
33584.0,81.48
31447.0,75.57
30024.0,68.58
28034.0,60.09
26786.0,56.63
26032.0,55.79
25698.0,55.33
25787.0,56.26
27403.0,65.43
29109.0,68.8
31349.0,78.33
33789.0,80.9
35512.0,83.0
36345.0,88.79
37303.0,89.14
37918.0,88.67
37250.0,86.06
36768.0,82.88
36802.0,82.24
36821.0,82.04
36368.0,81.08
35653.0,76.82
34727.0,76.94
34671.0,79.7
34327.0,79.49
32149.0,73.3
30585.0,70.57
28605.0,61.54
27168.0,59.12
26519.0,58.83
26082.0,58.29
26371.0,58.54
27911.0,65.91
29658.0,69.44
31873.0,78.25
34360.0,80.15
36107.0,81.36
36937.0,87.61
38013.0,88.13
38622.0,87.75
38018.0,84.88
37436.0,81.59
37546.0,79.4
37421.0,78.54
36713.0,76.49
35913.0,71.43
34943.0,69.72
34745.0,76.65
34121.0,77.0
31901.0,69.0
30392.0,58.55
28473.0,57.55
27116.0,56.73
26467.0,56.95
26107.0,55.03
26251.0,57.0
27723.0,57.06
29375.0,55.27
31436.0,67.4
33607.0,75.34
34967.0,76.61
35672.0,80.91
36511.0,81.37
36824.0,81.91
35949.0,80.48
35296.0,78.53
35268.0,77.48
35211.0,78.28
34648.0,77.65
33954.0,73.02
33120.0,75.29
33050.0,76.98
32461.0,76.89
30300.0,69.8
28982.0,62.2
27096.0,55.6
25867.0,53.9
25226.0,53.46
25007.0,53.14
25200.0,53.27
26657.0,55.25
28293.0,59.43
30293.0,72.38
32548.0,77.06
33879.0,77.58
34549.0,81.32
35238.0,81.18
35449.0,80.78
34221.0,79.32
33222.0,75.77
32820.0,74.26
32619.0,74.72
32143.0,71.29
31503.0,67.71
30835.0,71.55
30778.0,74.84
29810.0,75.23
27815.0,68.38
28222.0,55.71
25790.0,54.08
24481.0,52.5
23883.0,52.02
23761.0,51.33
24420.0,51.03
27045.0,52.12
32059.0,51.98
35694.0,55.69
36752.0,58.15
37497.0,63.33
37186.0,71.31
36394.0,71.61
36081.0,72.06
34697.0,71.34
34273.0,66.23
34025.0,63.31
34636.0,63.4
37134.0,61.41
38425.0,63.55
38551.0,69.85
37640.0,75.68
34828.0,72.98
31411.0,64.89
28872.0,60.5
26371.0,54.74
24483.0,52.69
23455.0,52.77
22994.0,51.43
22931.0,50.43
23314.0,49.04
24033.0,48.69
24676.0,50.84
27161.0,52.03
29662.0,52.77
30669.0,54.38
30352.0,53.9
30600.0,53.46
30436.0,51.24
29254.0,49.78
28520.0,50.1
28367.0,50.56
30080.0,53.65
33237.0,55.31
34797.0,58.71
35088.0,73.21
33829.0,75.98
31000.0,71.19
24574.0,69.9
22651.0,57.55
21490.0,54.52
20790.0,54.48
20549.0,53.78
20591.0,53.88
21044.0,66.72
21055.0,69.1
21892.0,73.4
24111.0,76.08
25789.0,77.98
26115.0,78.72
25634.0,78.55
25752.0,78.08
25534.0,72.95
24373.0,71.21
23671.0,70.27
23597.0,71.3
24223.0,72.56
26995.0,71.96
29238.0,71.98
29477.0,77.51
28401.0,76.53
26207.0,70.02
25138.0,68.14
23514.0,58.56
22528.0,54.9
22197.0,54.33
22046.0,53.72
22478.0,54.2
24696.0,58.39
27947.0,60.07
29980.0,68.03
31180.0,72.29
31642.0,74.55
31855.0,76.73
31887.0,77.45
31481.0,78.17
30540.0,76.89
30006.0,74.58
29695.0,74.25
29440.0,74.11
29006.0,74.6
29398.0,73.43
30921.0,73.65
32795.0,76.86
30197.0,75.65
27483.0,70.43
25513.0,69.34
24012.0,64.54
22967.0,57.29
22447.0,56.19
22349.0,55.63
22737.0,55.63
24616.0,62.01
26819.0,67.19
29171.0,71.6
30353.0,74.19
31279.0,75.08
31583.0,77.11
32064.0,76.88
32126.0,75.7
31101.0,72.64
30316.0,68.41
30170.0,66.71
30210.0,68.52
29859.0,70.48
29487.0,71.6
29148.0,73.35
30511.0,77.87
29330.0,77.55
27155.0,71.61
25136.0,68.49
23519.0,67.53
22685.0,61.45
22064.0,59.28
21987.0,58.23
22378.0,61.44
24302.0,66.97
27115.0,67.62
29894.0,70.89
31475.0,75.25
32770.0,76.37
33523.0,78.69
34281.0,78.87
34489.0,78.15
33603.0,73.99
33249.0,70.46
33179.0,69.98
33308.0,70.11
32796.0,71.14
32222.0,70.58
31814.0,73.81
31975.0,79.49
31247.0,78.59
28601.0,70.68
31221.0,70.17
28993.0,68.12
27412.0,57.81
26569.0,56.49
26168.0,55.4
26248.0,55.71
27594.0,65.71
29761.0,67.11
32371.0,72.01
34800.0,76.19
36455.0,78.16
37438.0,80.15
38604.0,80.37
39213.0,80.33
38761.0,78.92
38444.0,77.19
38485.0,75.11
38329.0,74.64
37535.0,74.08
36691.0,72.51
35664.0,71.1
35091.0,73.09
34926.0,71.6
32733.0,59.98
28706.0,60.29
26814.0,58.22
25368.0,54.42
24424.0,51.98
23857.0,51.8
23674.0,51.18
23859.0,51.27
23806.0,51.06
24990.0,54.1
26996.0,57.77
28856.0,65.98
29657.0,72.15
30197.0,73.26
30608.0,75.17
30352.0,74.04
29732.0,71.58
29032.0,69.55
28578.0,67.17
28394.0,66.18
28149.0,66.98
28232.0,70.9
29261.0,75.36
28664.0,76.5
27043.0,63.97
24892.0,52.65
23339.0,51.91
22524.0,55.01
22076.0,50.29
21924.0,49.28
22210.0,47.88
23853.0,52.32
26250.0,46.17
27437.0,49.95
28914.0,51.65
29917.0,54.76
30502.0,55.66
30918.0,55.73
31098.0,57.32
30230.0,57.52
29418.0,55.32
29361.0,55.27
29427.0,54.83
29097.0,57.2
28980.0,57.81
30276.0,63.47
31345.0,75.7
28760.0,76.68
26504.0,68.58
24409.0,60.77
23009.0,56.68
22233.0,56.21
22018.0,55.5
21927.0,55.48
22317.0,55.53
24479.0,60.26
27840.0,61.78
29620.0,67.55
30253.0,73.05
30708.0,75.02
31085.0,76.2
31334.0,76.11
31261.0,75.88
30037.0,73.98
29110.0,72.93
29019.0,72.57
29083.0,72.49
28774.0,73.99
29461.0,74.02
31935.0,74.15
31203.0,77.52
28233.0,76.8
25624.0,69.78
22497.0,70.87
21143.0,61.23
20229.0,55.69
19670.0,54.46
19513.0,54.65
19837.0,54.77
20213.0,63.2
20591.0,69.07
21087.0,70.78
23004.0,73.93
24208.0,75.61
24492.0,77.19
24581.0,77.27
24962.0,77.33
24657.0,75.71
23442.0,73.47
22796.0,72.93
22773.0,73.18
25180.0,72.92
26708.0,73.11
27464.0,73.36
27264.0,77.03
26135.0,75.62
24120.0,70.6
25266.0,68.36
23292.0,60.72
21860.0,55.94
21259.0,55.75
20939.0,55.7
21006.0,56.19
21637.0,64.8
22501.0,67.49
23078.0,70.77
24887.0,74.41
26653.0,76.12
27324.0,77.02
27051.0,77.21
27368.0,77.29
27216.0,74.65
26102.0,71.13
25612.0,68.03
26323.0,67.75
28760.0,65.94
29715.0,64.3
30698.0,64.88
30643.0,74.38
29413.0,74.31
27077.0,66.1
27854.0,64.66
26111.0,56.76
24801.0,54.78
24173.0,52.78
23853.0,51.89
23931.0,52.53
25034.0,53.26
26168.0,53.42
28069.0,56.95
30114.0,67.17
31537.0,70.54
32290.0,72.44
32941.0,71.45
33466.0,69.32
32965.0,59.66
32096.0,57.2
31814.0,56.98
31845.0,57.61
31467.0,58.36
30897.0,58.75
30504.0,60.49
31407.0,72.41
30299.0,72.3
28182.0,59.16
26598.0,53.32
24845.0,52.28
23674.0,49.37
22864.0,48.38
22602.0,47.87
22733.0,48.45
23920.0,52.2
25098.0,53.65
26717.0,58.65
28561.0,68.42
29896.0,72.92
30430.0,75.91
30848.0,77.72
31300.0,77.77
30797.0,75.44
29749.0,71.25
29413.0,68.61
29388.0,68.39
29204.0,68.72
28947.0,68.26
28801.0,70.03
30023.0,75.22
28907.0,74.23
27079.0,64.13
25653.0,58.55
24130.0,58.38
22967.0,56.98
22258.0,55.81
21793.0,54.7
21530.0,53.78
21549.0,55.46
21322.0,53.92
21878.0,56.1
23458.0,56.23
24670.0,57.64
25419.0,57.75
25718.0,58.03
26066.0,58.3
25894.0,57.34
24961.0,53.62
24339.0,53.54
24089.0,53.26
24037.0,54.51
24196.0,56.08
24713.0,59.8
26669.0,73.36
26245.0,73.37
24715.0,65.66
23421.0,62.39
22288.0,58.75
21312.0,57.73
20592.0,58.03
20315.0,58.19
20018.0,57.96
20051.0,59.15
19730.0,57.73
20260.0,59.85
21577.0,60.65
23040.0,59.88
23648.0,60.11
24235.0,59.89
24794.0,59.76
25006.0,59.43
24300.0,56.86
23721.0,56.57
23583.0,57.54
23675.0,58.63
24020.0,60.07
24535.0,67.82
26865.0,79.82
26927.0,79.1
25451.0,72.44
23965.0,62.96
22610.0,58.9
21627.0,56.51
21089.0,56.03
20952.0,56.11
21355.0,56.03
22947.0,57.73
24357.0,67.1
26336.0,69.83
28271.0,72.38
29698.0,74.32
30507.0,78.25
31123.0,79.23
31593.0,78.7
31060.0,76.98
29985.0,72.86
29752.0,72.94
29769.0,73.43
29530.0,74.42
29250.0,73.09
29207.0,72.57
30667.0,74.57
29351.0,71.97
27325.0,63.59
25510.0,56.43
23865.0,54.95
22776.0,53.49
22180.0,53.0
21961.0,53.03
22231.0,52.92
23592.0,55.02
25090.0,56.17
26633.0,61.66
28444.0,68.79
29612.0,71.26
30333.0,72.7
30980.0,73.38
31445.0,73.45
30837.0,72.2
29762.0,70.56
29500.0,70.6
29511.0,69.8
29334.0,70.65
29072.0,65.4
29021.0,66.72
30613.0,71.08
29403.0,69.03
27251.0,57.7
25458.0,55.1
23692.0,52.66
22658.0,50.91
22124.0,52.24
21880.0,51.51
22089.0,51.9
23436.0,54.84
24779.0,55.55
26395.0,60.27
28372.0,70.72
29770.0,72.21
30504.0,73.6
31100.0,74.36
31663.0,75.0
31110.0,73.62
30256.0,72.47
30089.0,72.22
30171.0,72.14
30085.0,72.45
29714.0,71.56
29664.0,71.94
31150.0,73.56
29973.0,72.62
27786.0,62.28
26045.0,56.59
24435.0,54.78
23299.0,52.34
22693.0,51.6
22513.0,52.81
22605.0,54.08
23955.0,55.96
25203.0,57.81
26996.0,68.82
29118.0,70.92
30631.0,71.69
31635.0,72.66
32456.0,72.4
33077.0,72.56
32540.0,71.04
31744.0,69.3
31662.0,69.17
31601.0,69.43
31385.0,70.75
31074.0,70.44
30870.0,71.99
32244.0,73.97
30913.0,73.11
28721.0,68.42
26895.0,67.0
25182.0,58.61
24088.0,56.43
23392.0,56.14
23066.0,56.51
23255.0,55.83
24522.0,61.53
26211.0,69.08
28015.0,72.26
30174.0,74.53
31692.0,75.39
32633.0,76.86
33426.0,76.93
33945.0,76.67
33348.0,73.89
32537.0,71.67
32227.0,70.49
31932.0,71.11
31653.0,72.21
31132.0,72.65
30953.0,73.21
31998.0,76.65
30499.0,74.62
28457.0,71.25
26804.0,68.46
25342.0,64.09
24028.0,56.85
23270.0,56.48
22835.0,56.19
22605.0,55.53
22922.0,56.65
23062.0,56.86
23915.0,68.74
25914.0,70.78
27682.0,71.5
28590.0,72.26
28932.0,72.28
29343.0,72.23
29040.0,62.55
28129.0,56.1
27438.0,49.89
27258.0,51.95
27115.0,52.21
27044.0,54.92
27436.0,58.33
29071.0,71.62
27893.0,66.9
26178.0,57.4
24806.0,51.16
23372.0,49.02
22066.0,50.96
21476.0,51.78
21002.0,53.11
20782.0,51.17
20952.0,52.08
20704.0,48.78
20884.0,50.48
22110.0,52.21
23615.0,47.38
24547.0,42.62
25031.0,39.31
25647.0,37.29
26059.0,26.55
25315.0,22.69
24858.0,24.83
24717.0,27.27
24884.0,34.28
25062.0,37.05
25612.0,47.13
27893.0,56.2
27461.0,56.63
25843.0,49.04
24300.0,44.01
22927.0,39.27
22218.0,37.73
21818.0,40.99
21686.0,39.82
22204.0,43.62
23923.0,52.09
25501.0,52.0
27278.0,59.26
29389.0,67.59
30648.0,70.38
31317.0,72.67
31724.0,73.02
32037.0,73.91
31384.0,72.33
30248.0,65.81
30073.0,66.26
30067.0,67.73
29749.0,72.16
29484.0,73.69
29445.0,75.6
31395.0,78.53
29717.0,77.59
27539.0,72.45
25984.0,69.46
24494.0,60.19
23484.0,56.15
23036.0,54.64
22811.0,54.56
23000.0,55.69
24570.0,62.27
26211.0,67.58
27824.0,70.63
29655.0,72.5
31034.0,73.33
31764.0,75.01
32311.0,74.9
33233.0,75.08
31855.0,73.26
30957.0,71.81
30723.0,71.7
30917.0,71.73
30359.0,72.67
30306.0,72.32
30334.0,72.96
32023.0,74.83
30102.0,72.69
27843.0,62.64
25998.0,58.6
24346.0,55.2
23040.0,51.07
22592.0,49.3
22355.0,48.2
22685.0,48.27
24375.0,53.82
26163.0,53.35
27884.0,57.69
29884.0,61.58
31378.0,69.84
32368.0,71.7
33693.0,71.92
34275.0,71.76
33528.0,66.02
32468.0,58.08
32223.0,61.52
32192.0,68.69
31803.0,70.31
18616.0,70.71
31333.0,72.1
32973.0,76.48
30964.0,73.53
28727.0,71.22
27074.0,63.11
25323.0,57.84
24183.0,56.34
23722.0,54.21
23416.0,52.25
23583.0,51.9
25211.0,56.04
26892.0,56.32
28660.0,58.18
30824.0,62.93
32519.0,63.13
33511.0,63.83
34356.0,61.44
34786.0,60.79
33949.0,58.35
33159.0,53.69
33027.0,54.31
33143.0,57.84
32733.0,58.87
32291.0,59.11
32140.0,64.13
33478.0,72.93
31449.0,70.82
29136.0,63.05
27260.0,66.29
25500.0,58.72
24388.0,56.73
23835.0,56.08
23592.0,55.38
23866.0,56.48
25334.0,66.27
27103.0,67.28
28854.0,71.24
30970.0,72.8
32537.0,73.87
33617.0,75.01
34502.0,75.89
35098.0,74.97
34447.0,73.53
33436.0,69.93
33199.0,69.84
33089.0,69.48
32821.0,70.21
32399.0,70.18
32134.0,70.65
33217.0,74.64
31258.0,71.63
29208.0,63.48
27612.0,62.48
26080.0,57.24
24765.0,55.78
23905.0,55.16
23427.0,55.49
23093.0,55.37
23321.0,55.54
23577.0,55.62
24415.0,57.42
26476.0,60.74
28347.0,61.89
29259.0,64.03
29917.0,62.35
30574.0,62.52
30410.0,58.25
29644.0,57.46
29232.0,57.23
28899.0,57.13
28727.0,59.64
28492.0,62.41
28741.0,67.78
30447.0,73.5
29018.0,68.82
27301.0,64.36
26080.0,57.85
24540.0,53.92
23306.0,52.0
22423.0,51.44
21815.0,50.7
21611.0,50.18
21677.0,51.49
21429.0,48.41
21605.0,49.03
23401.0,51.29
24941.0,53.12
26099.0,53.7
27016.0,53.05
27814.0,52.99
28214.0,52.33
27790.0,48.94
27480.0,49.69
27142.0,51.07
26983.0,54.76
26941.0,58.98
27403.0,70.43
29665.0,77.39
29224.0,76.84
27514.0,73.08
25876.0,65.9
24357.0,57.8
23338.0,55.23
22766.0,56.06
22712.0,55.52
23077.0,56.4
25216.0,66.86
27728.0,69.57
29982.0,72.68
32395.0,77.73
34238.0,78.91
35186.0,79.81
36075.0,79.84
36645.0,80.02
35937.0,77.25
35036.0,75.44
34796.0,74.31
34636.0,74.84
33922.0,75.29
33183.0,75.14
33094.0,76.33
34267.0,79.38
31992.0,75.45
29658.0,70.69
28457.0,68.29
25961.0,59.48
24653.0,55.42
24040.0,54.51
23967.0,52.29
24609.0,52.47
27279.0,56.28
32100.0,61.87
35805.0,69.01
36872.0,66.47
37381.0,68.43
36947.0,72.08
36233.0,75.17
35670.0,75.15
34056.0,70.38
33236.0,68.71
32994.0,70.46
33328.0,70.61
35812.0,70.66
36887.0,70.13
36925.0,74.64
36185.0,76.18
34169.0,70.16
31580.0,63.31
27602.0,57.5
25323.0,55.6
24142.0,53.13
23534.0,53.21
23426.0,52.71
24217.0,52.84
27571.0,57.2
33030.0,67.59
36661.0,71.33
38522.0,71.8
39303.0,73.93
39104.0,74.27
38388.0,74.58
38160.0,74.57
36714.0,72.82
36007.0,71.24
35730.0,70.23
35904.0,70.2
36850.0,69.61
39722.0,66.67
40030.0,70.88
39018.0,72.28
36162.0,66.88
32537.0,58.11
23987.0,56.27
22466.0,53.6
21519.0,50.35
21245.0,50.22
21345.0,49.53
22223.0,50.69
25202.0,55.48
29051.0,59.77
31711.0,64.57
32881.0,68.03
33403.0,66.61
33201.0,67.94
32898.0,69.17
32385.0,69.42
31139.0,69.46
30501.0,67.66
30075.0,68.4
29938.0,68.16
30062.0,67.46
32894.0,67.56
34668.0,69.07
33701.0,71.68
31023.0,64.67
28106.0,58.97
25538.0,56.06
23787.0,53.67
22784.0,50.3
22444.0,49.74
22198.0,48.44
22522.0,49.17
24602.0,53.96
27800.0,59.57
29963.0,67.98
31619.0,71.04
32132.0,71.26
32266.0,72.62
32588.0,73.62
32316.0,73.05
31068.0,70.46
30521.0,67.11
30188.0,66.86
30125.0,68.27
29816.0,66.73
30010.0,64.5
31227.0,68.83
32995.0,71.48
30461.0,64.75
27602.0,59.03
25631.0,58.7
24055.0,56.83
22784.0,52.94
22195.0,50.82
21899.0,49.3
21707.0,48.28
21939.0,49.35
22148.0,50.58
23976.0,52.51
26347.0,58.43
27971.0,61.15
28394.0,66.52
28290.0,66.28
28516.0,66.95
27728.0,67.84
26487.0,65.78
25760.0,63.8
25472.0,64.02
25347.0,66.78
25410.0,63.25
25773.0,67.3
27471.0,69.43
27252.0,61.66
25291.0,58.38
26886.0,63.15
25372.0,57.75
24207.0,55.22
23739.0,51.93
23790.0,51.21
24034.0,51.37
25457.0,51.75
27870.0,52.87
30284.0,49.56
31661.0,54.86
32710.0,58.2
33396.0,59.71
33990.0,64.38
34143.0,66.37
33253.0,66.29
32788.0,62.93
32962.0,60.5
32796.0,58.02
32385.0,63.53
31746.0,62.73
31540.0,69.0
31810.0,72.43
30936.0,68.65
28380.0,64.04
30936.0,59.22
28701.0,57.06
27412.0,54.85
26628.0,53.95
26204.0,53.55
26305.0,53.98
27643.0,58.56
29588.0,65.15
32014.0,68.58
34124.0,71.91
35460.0,74.01
36076.0,76.65
37178.0,77.64
37647.0,77.79
37343.0,73.46
37089.0,71.31
37135.0,71.13
37184.0,71.8
36623.0,72.58
35983.0,73.44
35002.0,76.5
34345.0,77.46
34214.0,71.67
32176.0,66.77
25466.0,65.84
23931.0,63.06
22740.0,60.14
21967.0,59.73
21504.0,59.98
21212.0,61.24
21206.0,65.75
20524.0,68.85
21053.0,71.67
22468.0,72.79
23817.0,73.59
24659.0,74.12
25369.0,75.04
26180.0,74.81
26561.0,72.41
26161.0,69.95
25779.0,69.78
25430.0,70.75
25448.0,71.61
25655.0,72.06
26117.0,77.88
27789.0,79.27
28362.0,72.05
27111.0,67.52
25073.0,67.87
23632.0,65.81
22690.0,63.47
22291.0,61.72
22166.0,60.23
22524.0,59.59
24430.0,66.45
27006.0,69.67
28337.0,72.66
29746.0,71.59
30808.0,72.96
31491.0,71.93
32168.0,72.22
32390.0,72.68
31380.0,70.63
30461.0,68.06
30529.0,68.28
30582.0,69.31
30219.0,70.09
30021.0,70.52
31160.0,73.57
32176.0,76.82
29396.0,70.68
26959.0,66.5
24376.0,65.26
23151.0,64.43
22222.0,61.06
21926.0,59.68
21730.0,58.52
22043.0,59.64
23763.0,65.44
27014.0,64.47
28514.0,67.58
29415.0,69.24
30000.0,72.37
30209.0,72.82
30306.0,73.41
30316.0,73.11
29212.0,69.13
28465.0,66.91
28212.0,66.82
28081.0,67.28
27792.0,67.51
28461.0,68.05
30753.0,72.1
30188.0,74.26
27820.0,69.03
25744.0,65.66
22379.0,65.4
21041.0,65.27
20254.0,63.56
19866.0,62.56
20027.0,62.17
20545.0,61.89
22936.0,65.07
26236.0,64.84
28236.0,66.58
29375.0,68.28
29800.0,68.9
30231.0,68.85
30480.0,69.54
30329.0,68.61
29436.0,66.41
28732.0,58.21
28527.0,57.34
28924.0,57.39
31207.0,56.76
32218.0,57.27
32238.0,62.81
31215.0,68.74
28391.0,63.29
25703.0,57.95
24536.0,57.58
22816.0,56.18
21857.0,53.32
21376.0,55.02
21356.0,52.52
22113.0,54.4
25125.0,56.18
29983.0,56.78
32719.0,60.67
33521.0,64.97
31364.0,64.63
33573.0,65.89
33352.0,64.47
33219.0,63.46
32216.0,62.97
31823.0,56.71
31934.0,54.18
32963.0,53.8
35087.0,56.33
35394.0,57.74
35373.0,62.9
34495.0,68.23
31834.0,62.1
28945.0,58.78
23698.0,64.46
22231.0,61.93
21144.0,50.85
20540.0,52.26
20193.0,46.92
20044.0,47.53
20193.0,47.13
20356.0,47.36
20404.0,45.83
21883.0,48.42
23502.0,46.27
24441.0,44.71
24920.0,40.71
25423.0,39.14
25462.0,35.69
24233.0,31.25
23610.0,24.29
23477.0,23.64
23741.0,36.13
24012.0,47.88
25950.0,52.69
27941.0,67.42
26693.0,64.87
25010.0,49.49
23332.0,43.94
22146.0,43.24
21283.0,43.07
21062.0,36.34
21176.0,36.36
21714.0,37.81
23824.0,47.03
26695.0,54.29
28179.0,60.41
29323.0,68.54
30439.0,68.79
30924.0,68.1
31400.0,69.73
31536.0,69.19
30423.0,66.15
29841.0,65.4
29741.0,65.14
29917.0,67.09
29527.0,68.64
29321.0,66.92
30690.0,71.96
31684.0,77.51
28705.0,68.87
26248.0,65.64
24936.0,59.32
23486.0,62.04
22698.0,56.86
22261.0,55.73
22142.0,54.87
22384.0,54.02
24349.0,56.24
27455.0,55.6
28915.0,58.15
30076.0,63.06
30948.0,63.52
31364.0,62.71
31984.0,61.88
31991.0,56.32
31042.0,51.53
30414.0,49.63
30377.0,48.69
30377.0,49.14
30145.0,49.32
30124.0,50.22
31947.0,57.81
32118.0,61.46
29174.0,50.45
26619.0,42.61
25187.0,35.52
23955.0,30.98
23148.0,25.22
22778.0,22.73
22633.0,22.08
22947.0,22.21
24993.0,35.64
28234.0,40.18
29529.0,45.03
30682.0,49.06
31592.0,56.73
32088.0,59.67
32560.0,57.03
32590.0,54.38
31413.0,49.29
30706.0,45.88
30724.0,45.71
30885.0,48.59
30580.0,48.41
30476.0,51.67
32013.0,58.24
32185.0,67.02
29149.0,55.01
26708.0,46.43
25339.0,45.18
23870.0,45.02
23044.0,42.06
23060.0,38.02
23015.0,37.22
23163.0,44.25
24719.0,46.92
27762.0,52.9
28874.0,60.86
29827.0,61.31
30463.0,64.59
30809.0,64.16
31180.0,65.55
31145.0,65.45
30209.0,62.0
29615.0,60.21
29691.0,60.81
29783.0,64.84
29431.0,63.76
29228.0,64.85
30922.0,68.96
31606.0,73.88
28631.0,63.74
26169.0,60.14
24714.0,61.29
23299.0,59.97
22455.0,55.97
22084.0,55.58
21891.0,54.41
22165.0,55.14
24202.0,62.36
27434.0,63.59
28835.0,66.94
29774.0,67.76
30479.0,68.33
31003.0,67.16
31423.0,67.36
31311.0,67.1
30285.0,65.3
29594.0,58.46
29470.0,59.63
29504.0,63.36
29180.0,64.25
28789.0,64.19
30214.0,67.99
30804.0,67.2
28204.0,57.39
26097.0,54.9
24816.0,54.03
23400.0,52.27
22298.0,51.11
21870.0,50.97
21595.0,50.28
21312.0,50.56
21635.0,51.15
22445.0,53.08
23255.0,53.92
25429.0,62.01
26871.0,61.47
27627.0,61.14
27774.0,57.91
28018.0,55.92
27179.0,53.3
25964.0,50.6
25248.0,50.34
25059.0,50.29
25014.0,53.48
25144.0,56.34
26903.0,62.25
27953.0,65.34
26150.0,57.35
24482.0,53.28
22960.0,52.48
21607.0,51.21
20642.0,50.45
20014.0,48.64
19761.0,49.18
19617.0,49.56
19922.0,52.28
20092.0,53.35
20185.0,54.03
21898.0,55.69
23403.0,54.74
24259.0,54.33
24520.0,54.3
25053.0,57.63
24923.0,53.86
23944.0,50.89
23439.0,50.27
23152.0,51.27
23371.0,53.05
23791.0,56.05
26038.0,65.75
27672.0,70.07
26406.0,67.02
24589.0,61.84
22970.0,64.3
21672.0,58.67
20990.0,58.11
20717.0,56.67
20773.0,56.27
21308.0,56.5
23680.0,63.76
27266.0,65.46
28601.0,66.09
29636.0,68.41
30640.0,68.77
31142.0,68.68
31613.0,68.34
31610.0,66.72
30730.0,63.24
30361.0,59.07
30434.0,58.73
30785.0,61.04
30703.0,62.68
30689.0,61.3
32365.0,66.05
32629.0,67.51
29141.0,61.97
26519.0,56.49
24988.0,57.97
23681.0,56.85
22814.0,53.96
22422.0,52.74
22441.0,51.88
22823.0,52.13
24663.0,54.51
27887.0,57.26
29277.0,61.92
30381.0,67.1
31071.0,65.02
31651.0,63.95
32432.0,61.99
32408.0,60.7
31451.0,57.29
30887.0,53.3
31127.0,51.92
31377.0,52.77
30832.0,52.9
30656.0,54.78
32433.0,60.81
32362.0,62.39
29243.0,55.91
26630.0,51.59
25191.0,50.32
23920.0,51.15
23053.0,47.52
22654.0,46.91
22611.0,46.9
22957.0,49.65
24812.0,55.21
28097.0,61.29
29628.0,61.12
30474.0,64.29
30849.0,64.2
31344.0,63.87
31989.0,61.8
32102.0,59.51
31046.0,59.73
30481.0,58.08
30413.0,58.01
30330.0,58.68
29970.0,60.07
29937.0,62.37
31911.0,67.31
31952.0,67.92
28948.0,59.62
26558.0,60.12
25164.0,55.79
23816.0,54.74
23117.0,52.42
22671.0,51.5
22590.0,51.59
22872.0,52.37
24485.0,59.85
27586.0,58.52
28790.0,62.88
29559.0,62.78
30329.0,63.04
30822.0,62.25
31286.0,63.86
31324.0,64.25
30288.0,64.19
29833.0,62.63
29813.0,61.66
30014.0,61.4
29843.0,61.58
29894.0,63.4
31967.0,67.56
31767.0,69.18
28818.0,64.16
26399.0,56.84
24957.0,61.61
23660.0,59.7
22860.0,55.83
22424.0,54.86
22326.0,54.86
22685.0,56.0
24525.0,59.28
27676.0,59.82
29016.0,64.0
29792.0,64.8
30587.0,63.0
31120.0,63.07
31554.0,63.68
31494.0,62.67
30484.0,62.09
29807.0,59.32
29743.0,59.08
29865.0,58.14
29570.0,58.35
29534.0,60.86
31294.0,65.18
31160.0,65.59
28401.0,61.8
26403.0,56.71
25219.0,60.01
23911.0,56.99
22779.0,56.04
22173.0,56.21
21736.0,55.22
21515.0,55.14
21859.0,55.46
22841.0,59.08
23606.0,56.97
25677.0,58.67
27249.0,59.42
27665.0,59.39
27670.0,59.32
27927.0,61.21
27178.0,61.31
26004.0,58.17
25288.0,55.26
25167.0,55.34
25121.0,59.43
25563.0,58.14
27691.0,61.47
28253.0,62.27
26277.0,61.72
24715.0,59.33
23243.0,56.98
21960.0,53.42
21051.0,54.19
20423.0,53.48
20106.0,53.29
19928.0,52.94
20143.0,51.38
20532.0,49.6
20551.0,49.48
22131.0,53.03
23650.0,57.1
24288.0,57.92
24745.0,57.83
25089.0,58.24
24974.0,57.56
23907.0,53.78
23248.0,51.73
23052.0,50.32
23163.0,53.39
23934.0,58.44
26606.0,59.0
27506.0,60.78
26079.0,56.38
24421.0,55.83
22815.0,55.22
21505.0,52.78
20903.0,51.23
20633.0,50.43
20582.0,47.41
21239.0,49.25
23659.0,54.12
27259.0,59.91
28980.0,62.78
29923.0,62.4
30796.0,62.8
31047.0,62.76
31536.0,63.04
31626.0,64.31
30648.0,61.91
29980.0,60.31
30006.0,61.97
30095.0,63.98
29746.0,65.03
29701.0,65.42
32046.0,68.18
31888.0,69.72
28636.0,61.23
26178.0,59.74
24736.0,60.02
23475.0,54.86
22644.0,53.13
22409.0,52.5
22372.0,53.34
22730.0,55.91
24713.0,59.67
28126.0,61.89
29621.0,64.07
30252.0,65.92
30953.0,67.59
31185.0,66.68
31570.0,67.06
31531.0,67.22
30373.0,65.39
29873.0,63.78
29678.0,64.14
29796.0,64.1
29519.0,63.82
29769.0,62.06
32293.0,64.6
31815.0,65.95
28542.0,63.22
26009.0,57.33
24607.0,56.2
23475.0,53.82
22529.0,52.82
22401.0,52.09
22233.0,52.27
22631.0,52.37
24549.0,58.78
28087.0,65.48
29543.0,67.59
30063.0,68.35
30740.0,67.59
31057.0,68.05
31452.0,67.78
31360.0,69.03
30185.0,66.1
29526.0,64.68
29505.0,64.49
29654.0,66.23
29461.0,67.56
29676.0,66.94
32129.0,73.57
31828.0,78.31
28748.0,67.18
26300.0,66.5
29160.0,63.86
26542.0,60.61
24781.0,56.61
23849.0,56.1
23288.0,57.72
23233.0,60.27
23895.0,64.66
25430.0,68.82
26975.0,70.94
29515.0,72.09
31570.0,72.34
31613.0,71.24
31029.0,69.81
30762.0,68.88
30089.0,66.04
28714.0,61.93
28309.0,61.44
28708.0,62.7
31391.0,64.21
32727.0,70.15
33296.0,70.73
33279.0,69.78
31864.0,66.06
29689.0,61.47
29696.0,65.27
27368.0,62.91
26045.0,60.07
25497.0,58.6
25296.0,56.92
25956.0,60.21
28756.0,63.93
33856.0,67.12
38434.0,72.18
38807.0,71.83
38008.0,70.23
37746.0,68.95
36432.0,65.82
35921.0,60.1
35695.0,55.69
35763.0,59.63
36837.0,64.96
39233.0,68.98
39735.0,71.48
38874.0,71.55
36121.0,68.17
32514.0,63.7
25865.0,59.39
24181.0,57.07
23200.0,54.5
22772.0,53.66
22796.0,52.26
23435.0,52.3
25864.0,54.42
29557.0,54.37
31867.0,57.16
33042.0,64.84
32987.0,65.82
32712.0,64.06
32767.0,61.84
32564.0,60.53
31227.0,56.31
30488.0,51.34
30098.0,50.38
30089.0,51.86
30170.0,57.67
32830.0,63.61
34789.0,69.13
33797.0,68.18
31080.0,63.31
28144.0,57.47
25497.0,53.81
23651.0,52.58
22638.0,50.19
22291.0,50.37
22088.0,47.83
22447.0,46.59
24647.0,45.43
28109.0,45.49
30298.0,48.24
31570.0,51.33
32206.0,48.91
32379.0,48.44
32267.0,47.59
31909.0,45.23
30631.0,41.53
29758.0,37.86
29401.0,35.79
29027.0,36.99
28679.0,46.59
28642.0,50.46
29771.0,60.07
31969.0,62.93
30019.0,52.79
27609.0,49.69
23655.0,44.43
22054.0,40.86
21022.0,36.62
20424.0,35.66
20164.0,36.86
20001.0,36.29
20091.0,46.53
19658.0,52.01
20594.0,55.69
22420.0,61.0
24126.0,60.35
24890.0,59.57
25125.0,56.55
25612.0,55.97
25462.0,52.94
24307.0,51.76
23720.0,51.05
23511.0,53.04
23594.0,53.82
23908.0,58.42
24696.0,64.7
27023.0,62.16
27366.0,51.41
25518.0,47.31
26842.0,42.27
25407.0,37.88
24278.0,35.62
23892.0,34.32
23858.0,30.56
24137.0,35.67
25555.0,45.08
28158.0,51.52
30621.0,57.93
31833.0,58.43
32876.0,59.05
33537.0,58.02
34173.0,57.99
34217.0,55.99
33167.0,53.45
32544.0,50.84
32564.0,51.41
32733.0,52.67
32272.0,63.13
31706.0,72.7
31386.0,79.21
31549.0,78.6
30673.0,72.14
28327.0,64.56
30571.0,63.06
28591.0,62.81
27175.0,58.94
26344.0,55.27
25920.0,59.01
25965.0,62.99
27314.0,65.94
29375.0,69.47
31807.0,71.71
34202.0,72.42
35759.0,73.75
36285.0,72.38
37284.0,72.16
37684.0,71.79
37136.0,69.51
36633.0,66.39
36384.0,65.25
36347.0,65.93
35697.0,67.39
35065.0,69.47
34040.0,74.54
33223.0,73.67
32722.0,67.18
30897.0,59.51
25282.0,61.31
23620.0,55.35
22516.0,53.79
21875.0,53.25
21672.0,53.47
21970.0,53.23
23562.0,56.33
25025.0,62.97
27214.0,67.53
29544.0,68.45
31035.0,70.03
31871.0,71.0
32803.0,71.08
33691.0,70.67
33554.0,69.15
33018.0,68.24
32950.0,68.04
32872.0,68.16
32508.0,69.49
31724.0,74.32
31142.0,72.3
32074.0,70.56
31373.0,66.24
29262.0,60.85
25460.0,59.07
23993.0,54.24
23058.0,53.99
22690.0,53.85
22608.0,54.05
22940.0,54.89
24806.0,57.81
27432.0,66.14
29074.0,69.51
30449.0,69.69
31368.0,70.15
31927.0,70.05
32355.0,69.82
32430.0,69.39
31259.0,67.1
30930.0,63.76
30866.0,64.14
30892.0,65.1
30628.0,69.15
30144.0,69.55
31069.0,72.18
32025.0,70.93
29287.0,68.74
26890.0,61.88
24356.0,61.71
22975.0,59.56
21964.0,56.72
21328.0,55.39
20940.0,53.38
20732.0,52.79
21215.0,52.36
22442.0,53.44
23273.0,55.91
25104.0,62.9
26636.0,61.15
26966.0,57.55
26927.0,56.47
26973.0,56.58
26447.0,55.59
25213.0,52.8
24486.0,52.22
24376.0,53.69
24443.0,60.11
25448.0,61.66
27912.0,67.61
27792.0,65.21
25909.0,60.21
24138.0,59.51
23941.0,60.24
22509.0,55.17
21825.0,51.81
21467.0,51.15
21504.0,50.9
22037.0,51.3
24291.0,52.0
27778.0,52.67
29746.0,51.92
30658.0,57.25
30998.0,60.24
31022.0,61.19
31246.0,61.52
31217.0,61.18
29999.0,60.38
29412.0,56.37
29141.0,53.55
29719.0,54.38
31934.0,58.18
32853.0,62.78
32915.0,70.79
31680.0,70.99
28794.0,67.27
26084.0,60.28
26712.0,55.6
24735.0,50.9
23592.0,50.23
22985.0,49.42
22932.0,49.73
23637.0,49.23
26071.0,55.91
30363.0,60.83
33031.0,61.96
33770.0,63.55
34135.0,60.56
33937.0,59.59
33616.0,60.34
33454.0,61.25
32367.0,61.03
31976.0,58.37
31920.0,57.01
32860.0,58.07
35095.0,64.67
35588.0,68.06
35683.0,67.3
34799.0,64.6
32246.0,59.02
29306.0,56.72
22330.0,49.81
21100.0,48.11
20306.0,47.11
20080.0,46.56
20028.0,46.46
20752.0,46.64
23232.0,53.15
27166.0,61.96
29510.0,65.85
30166.0,64.08
30830.0,63.73
30971.0,64.16
31456.0,64.56
31464.0,64.85
30148.0,64.51
29336.0,63.44
29116.0,63.75
29077.0,63.91
28959.0,64.69
29992.0,70.22
32218.0,70.62
31387.0,66.33
28233.0,61.0
25686.0,56.39
24106.0,50.1
22791.0,48.87
21993.0,47.56
21725.0,45.06
21619.0,44.93
22029.0,47.82
23949.0,54.56
27761.0,61.04
29734.0,64.16
30343.0,63.62
30773.0,63.45
31033.0,63.52
31349.0,63.76
30999.0,64.58
29731.0,63.83
28999.0,61.58
28828.0,61.24
28819.0,62.39
28569.0,66.65
29634.0,69.02
32243.0,68.96
31446.0,66.44
28355.0,62.63
25884.0,57.49
24340.0,52.74
22872.0,49.3
21952.0,48.51
21621.0,48.59
21516.0,48.31
21922.0,48.93
23870.0,54.5
27547.0,64.75
29617.0,69.94
30210.0,71.33
30684.0,71.6
30737.0,69.09
30934.0,68.33
30912.0,67.71
29807.0,65.71
29128.0,64.37
28974.0,64.17
29011.0,64.63
28763.0,67.08
29980.0,75.23
32460.0,76.62
31535.0,74.65
28579.0,68.61
26037.0,64.02
24363.0,63.82
22923.0,62.4
22099.0,59.75
21767.0,59.77
21590.0,57.83
22096.0,59.92
24257.0,63.79
28119.0,69.31
30225.0,71.75
30742.0,73.25
31214.0,73.34
31405.0,71.79
31500.0,68.51
31213.0,66.52
30099.0,65.56
29239.0,63.83
29033.0,64.38
28873.0,64.71
28633.0,69.04
29849.0,72.61
31634.0,75.06
30786.0,70.45
28097.0,67.03
25926.0,59.81
24554.0,63.46
23071.0,55.48
22029.0,54.5
21526.0,52.15
21253.0,49.34
21134.0,47.35
21613.0,48.83
22993.0,52.3
24155.0,56.55
25901.0,57.76
27494.0,56.28
27849.0,55.4
27872.0,56.4
27881.0,53.72
27291.0,52.22
25892.0,49.55
25159.0,49.02
24969.0,53.28
25130.0,58.95
26731.0,60.59
28619.0,62.37
28422.0,59.88
26427.0,56.19
24623.0,54.04
22885.0,56.38
21414.0,54.22
20354.0,51.43
19803.0,52.19
19588.0,53.06
19539.0,54.03
19891.0,54.81
20454.0,56.25
20790.0,55.64
21989.0,58.1
23564.0,63.18
24366.0,65.45
24732.0,65.9
25089.0,66.08
24867.0,65.75
23579.0,58.81
22984.0,57.8
22808.0,55.09
23337.0,60.1
25290.0,67.43
27399.0,70.75
27647.0,70.41
26119.0,69.2
24387.0,64.43
22620.0,58.42
21323.0,57.5
20669.0,53.38
20418.0,52.24
20388.0,50.68
21012.0,52.74
23557.0,57.34
27549.0,66.39
29935.0,71.05
30670.0,72.87
31363.0,74.24
31659.0,74.18
31889.0,71.77
31639.0,71.46
30367.0,66.28
29702.0,65.89
29492.0,65.78
29651.0,65.45
29623.0,68.8
31122.0,74.0
32789.0,74.08
31850.0,67.36
28788.0,63.25
26163.0,57.32
24542.0,53.44
23082.0,51.33
22212.0,49.17
21893.0,48.36
21807.0,46.61
22222.0,48.83
24302.0,52.36
27957.0,56.8
30312.0,59.33
30783.0,62.07
31445.0,64.17
31630.0,65.54
31709.0,64.85
31580.0,63.19
30457.0,60.52
29913.0,58.79
29555.0,57.85
29498.0,58.62
29493.0,57.35
31060.0,61.59
32951.0,67.57
31857.0,62.17
28663.0,58.73
26144.0,51.13
24448.0,49.93
23011.0,48.98
22277.0,48.38
21836.0,47.29
21729.0,47.08
22224.0,48.79
24278.0,53.21
28188.0,58.43
30538.0,63.75
30832.0,64.72
31208.0,64.72
31405.0,64.71
31527.0,63.62
31339.0,62.35
29969.0,60.12
29323.0,59.01
29071.0,58.75
29056.0,58.75
28831.0,63.79
30411.0,66.05
32654.0,68.99
31540.0,65.66
28492.0,59.87
26078.0,58.29
24486.0,53.31
23090.0,50.93
22269.0,49.44
21886.0,49.08
21741.0,48.74
22166.0,49.31
24225.0,55.18
27918.0,63.99
30236.0,64.52
30789.0,64.76
30879.0,64.46
30953.0,65.6
31006.0,64.41
30954.0,63.3
29842.0,60.37
29120.0,59.07
28977.0,60.29
28979.0,63.92
28797.0,66.16
30499.0,75.72
32493.0,75.96
31718.0,74.75
28664.0,66.19
26175.0,63.77
24510.0,59.22
23072.0,56.43
22224.0,55.13
21884.0,56.31
21707.0,54.62
22088.0,56.33
24172.0,64.23
28122.0,67.69
30546.0,73.59
30845.0,71.52
31369.0,70.85
31472.0,71.57
31615.0,70.27
31303.0,68.79
30000.0,69.08
29160.0,67.63
28963.0,67.26
28918.0,68.69
28807.0,68.91
30487.0,72.16
31919.0,75.74
31018.0,70.99
28276.0,66.91
26124.0,59.99
24712.0,60.18
23184.0,55.49
21904.0,51.7
21378.0,52.33
21078.0,50.79
20824.0,51.91
21337.0,53.32
22634.0,57.2
23920.0,60.73
25679.0,66.01
27261.0,64.73
27744.0,66.23
27802.0,65.76
27838.0,65.45
27143.0,64.57
25674.0,63.06
24753.0,60.47
24415.0,60.04
24672.0,62.11
26533.0,65.23
28128.0,66.87
27950.0,64.96
26066.0,60.61
24421.0,55.91
22745.0,57.77
21298.0,51.9
20261.0,50.14
19775.0,50.54
19505.0,48.07
19298.0,47.2
19401.0,46.92
19732.0,47.01
20108.0,46.73
21221.0,50.15
23106.0,51.17
24069.0,56.63
24399.0,56.27
24405.0,56.44
24730.0,56.69
24419.0,56.45
23242.0,57.17
22657.0,57.48
22713.0,57.54
24692.0,65.34
26524.0,64.51
27167.0,67.36
26820.0,66.64
25434.0,60.06
23447.0,56.79
21922.0,53.1
20785.0,49.57
20275.0,47.16
20111.0,46.71
20328.0,45.7
20953.0,46.98
23695.0,54.89
27084.0,62.13
29342.0,63.75
30529.0,65.39
31293.0,64.91
31526.0,65.59
31714.0,64.77
31529.0,63.01
30301.0,59.51
29602.0,57.58
29404.0,57.35
29662.0,62.91
31389.0,71.18
32677.0,72.14
32597.0,72.34
31207.0,67.32
28271.0,62.62
25757.0,53.96
24109.0,51.54
22719.0,46.94
21989.0,43.69
21678.0,40.15
21678.0,40.59
22137.0,41.61
24417.0,49.93
27679.0,54.94
29951.0,59.54
30916.0,62.54
31245.0,63.54
31385.0,63.01
31754.0,63.78
31420.0,61.52
30423.0,61.2
29762.0,60.66
29630.0,57.82
29976.0,62.45
31737.0,68.38
33125.0,68.34
32972.0,68.03
31670.0,64.12
28723.0,57.46
25940.0,50.8
24207.0,46.25
22887.0,42.17
22020.0,39.77
21681.0,37.32
21658.0,34.55
22105.0,38.34
24324.0,45.92
27541.0,51.38
29492.0,55.36
30581.0,57.92
31265.0,58.27
31405.0,57.77
31516.0,57.32
31395.0,55.16
30340.0,53.23
29839.0,52.24
29579.0,55.16
29869.0,58.27
31756.0,66.49
33176.0,68.59
33168.0,68.29
31843.0,61.61
28874.0,59.85
26137.0,55.34
24386.0,50.28
22927.0,49.23
22113.0,48.03
21768.0,45.78
21625.0,44.79
22197.0,48.33
24571.0,54.58
27576.0,61.53
29581.0,64.06
30451.0,65.29
30955.0,64.17
31158.0,63.38
31427.0,62.24
31298.0,62.21
30212.0,63.32
29726.0,63.66
29540.0,63.13
29875.0,64.93
31856.0,71.23
33106.0,74.13
33012.0,72.1
31677.0,66.54
28904.0,62.92
26310.0,55.69
24596.0,56.53
23251.0,50.96
22363.0,49.2
21951.0,46.25
21906.0,45.69
22376.0,47.35
24577.0,53.08
27634.0,60.11
29625.0,62.81
30597.0,63.8
30965.0,62.46
31127.0,60.62
31294.0,60.84
31136.0,56.95
30191.0,56.0
29470.0,55.3
29040.0,56.33
29145.0,61.13
31042.0,64.86
31982.0,64.27
31574.0,60.39
30591.0,57.98
28058.0,54.28
25818.0,47.36
24537.0,46.95
23005.0,43.98
21987.0,40.66
21417.0,40.81
21240.0,40.42
21086.0,41.37
21591.0,43.01
22361.0,46.35
23642.0,49.38
25960.0,55.56
27357.0,58.54
27374.0,61.62
27244.0,63.85
27325.0,62.01
26662.0,61.41
25393.0,59.42
24714.0,57.93
24794.0,61.54
26779.0,63.83
27913.0,65.85
28086.0,67.08
27506.0,66.27
25693.0,63.7
23899.0,63.49
27171.0,63.39
24732.0,49.82
22909.0,48.55
21937.0,46.99
21517.0,41.21
21640.0,41.39
22075.0,41.6
22839.0,41.39
23400.0,42.71
25037.0,44.26
27071.0,42.47
28054.0,40.9
27967.0,43.3
28163.0,41.76
28026.0,41.07
26763.0,37.97
26197.0,40.35
26455.0,44.38
29411.0,53.72
31536.0,61.9
32609.0,56.18
32773.0,51.26
31535.0,47.76
29241.0,42.81
29639.0,42.89
27088.0,38.25
25819.0,33.89
25301.0,32.54
25226.0,34.99
25859.0,41.83
28551.0,43.75
33620.0,57.07
36542.0,57.09
37726.0,57.0
38398.0,59.15
38180.0,58.79
37643.0,59.96
37287.0,61.92
35802.0,60.85
35277.0,62.68
35069.0,64.52
35355.0,67.47
36371.0,80.5
38780.0,76.16
39029.0,75.75
38163.0,70.0
35588.0,64.76
32007.0,58.07
25921.0,50.83
24163.0,45.52
23090.0,44.01
22722.0,42.2
22747.0,42.75
23321.0,44.0
25748.0,53.36
29151.0,58.57
31765.0,60.06
32697.0,63.23
32995.0,63.5
32837.0,63.01
32807.0,61.47
32408.0,61.75
31304.0,59.74
30557.0,59.18
30021.0,62.29
29786.0,69.16
29756.0,79.11
32252.0,72.34
34053.0,72.91
33227.0,67.81
30621.0,58.67
27807.0,57.01
25812.0,55.06
24002.0,50.05
22753.0,45.06
22047.0,44.24
21619.0,41.54
21428.0,44.87
21963.0,54.4
22666.0,57.5
23913.0,59.18
26563.0,62.73
28521.0,65.18
28813.0,63.76
28671.0,62.73
28746.0,61.89
28045.0,61.52
26525.0,64.06
25669.0,65.79
25303.0,72.8
25181.0,76.19
25403.0,72.52
26594.0,71.77
28992.0,69.35
27835.0,66.9
25875.0,60.3
23611.0,56.43
22203.0,49.48
21424.0,48.01
21105.0,43.78
21006.0,42.55
21565.0,44.7
23850.0,52.16
26316.0,61.2
28525.0,63.68
29952.0,63.68
31024.0,64.14
31607.0,62.52
32139.0,62.45
32205.0,60.85
31225.0,60.49
30606.0,63.78
30685.0,63.49
30874.0,66.28
30328.0,74.36
30112.0,70.55
30096.0,69.35
31289.0,66.71
29937.0,59.57
27239.0,58.75
26883.0,59.56
25281.0,54.27
24419.0,50.69
23920.0,50.26
23811.0,50.19
24065.0,50.28
25266.0,56.93
27820.0,64.48
30206.0,65.26
31608.0,65.64
32612.0,65.04
32972.0,64.98
33324.0,64.22
33231.0,62.4
31978.0,63.17
31260.0,64.84
31222.0,65.53
31366.0,66.0
31000.0,71.33
30573.0,74.23
30462.0,73.89
30760.0,70.66
29962.0,66.98
27516.0,64.49
29689.0,64.79
28011.0,57.32
26421.0,53.26
25404.0,52.19
24868.0,52.32
24439.0,51.93
24249.0,52.99
24543.0,55.64
26278.0,60.34
28473.0,62.05
30361.0,61.18
31351.0,60.27
31865.0,60.47
32380.0,62.35
32073.0,60.74
31521.0,60.86
30959.0,63.8
30751.0,64.71
30545.0,66.82
30453.0,66.2
30320.0,65.49
30352.0,65.26
30602.0,64.12
29031.0,55.35
27314.0,53.4
25428.0,49.83
24269.0,47.65
23592.0,46.24
23264.0,44.49
23514.0,44.76
24715.0,43.99
25945.0,43.65
28215.0,45.25
30447.0,50.55
31867.0,50.05
32762.0,50.12
33499.0,51.07
34277.0,51.18
33925.0,51.51
33215.0,50.01
32957.0,50.15
32791.0,56.02
32381.0,65.77
31763.0,69.54
31369.0,71.85
32318.0,73.81
31465.0,67.84
29354.0,65.13
25485.0,67.92
24041.0,66.96
23035.0,63.71
22574.0,60.88
22353.0,60.1
22500.0,61.09
23709.0,68.86
25986.0,68.0
27308.0,68.45
28511.0,70.69
29526.0,69.4
30172.0,67.5
30794.0,67.89
30996.0,67.4
30165.0,66.63
29339.0,65.89
29108.0,66.93
29063.0,69.57
28929.0,76.38
28812.0,78.5
29707.0,78.17
30720.0,74.41
28452.0,68.11
26391.0,65.4
22716.0,67.05
21508.0,63.61
20517.0,60.21
19889.0,59.54
19679.0,59.09
19687.0,59.11
19894.0,65.19
20465.0,67.83
20556.0,69.55
22105.0,70.75
23613.0,69.82
24398.0,67.97
24590.0,68.41
24835.0,67.66
24612.0,67.4
23419.0,66.69
22640.0,67.68
22320.0,69.99
22364.0,77.88
23695.0,81.01
26209.0,80.92
26549.0,76.57
25316.0,70.85
23878.0,67.67
24381.0,67.43
22893.0,63.87
22075.0,61.12
21842.0,58.04
21791.0,57.8
22324.0,58.66
24449.0,64.26
28071.0,68.3
29861.0,69.73
30776.0,71.63
31185.0,70.62
31456.0,69.08
31365.0,68.35
31190.0,68.49
30148.0,66.71
29498.0,66.45
29371.0,67.4
29805.0,70.85
32090.0,77.78
33005.0,79.85
33113.0,79.82
31765.0,75.66
29001.0,70.18
26294.0,65.89
27101.0,67.58
24978.0,65.33
23823.0,63.88
23326.0,61.85
23255.0,61.11
23840.0,62.78
26334.0,65.07
30785.0,67.25
33336.0,67.59
34086.0,69.82
34384.0,68.19
34031.0,67.97
33722.0,68.37
33378.0,67.47
32263.0,66.58
31675.0,66.18
31605.0,67.46
32516.0,72.1
34576.0,80.66
34865.0,79.17
34640.0,79.09
33695.0,74.81
31602.0,70.31
29266.0,66.89
24884.0,65.2
23385.0,64.8
22479.0,62.09
22121.0,58.31
22000.0,57.71
22412.0,58.31
24666.0,63.35
28283.0,63.77
30181.0,64.54
31044.0,66.77
31568.0,65.82
31573.0,64.77
31547.0,64.83
31286.0,66.47
30144.0,65.04
29296.0,64.62
28900.0,64.41
29393.0,62.31
31892.0,67.47
32582.0,69.05
32278.0,66.92
31137.0,67.86
28663.0,62.62
26383.0,54.96
24785.0,55.23
23208.0,52.52
21977.0,50.14
21271.0,49.63
21047.0,49.52
20972.0,50.2
21548.0,51.06
22693.0,53.35
23842.0,56.25
26081.0,60.74
27411.0,63.4
27595.0,62.92
27476.0,64.09
27488.0,64.35
26749.0,63.54
25359.0,58.53
24651.0,58.46
24811.0,62.55
27252.0,66.89
28163.0,68.75
28483.0,68.2
28210.0,67.85
26497.0,64.4
24566.0,63.59
22864.0,59.67
21329.0,57.1
20271.0,55.41
19681.0,54.51
19578.0,53.25
19494.0,52.8
19753.0,53.82
20188.0,54.38
20599.0,54.33
22401.0,56.01
23880.0,57.82
24517.0,55.87
24406.0,57.18
24744.0,58.23
24711.0,58.39
23462.0,55.84
22924.0,56.83
23029.0,59.47
25724.0,67.24
27258.0,69.2
28119.0,69.55
27988.0,69.42
26730.0,66.31
24617.0,63.94
22612.0,63.66
21329.0,58.69
20541.0,56.73
20296.0,56.47
20386.0,56.45
21099.0,56.86
23823.0,59.24
27926.0,66.01
30110.0,68.44
31216.0,69.3
31750.0,69.04
31781.0,67.94
31866.0,67.95
31692.0,68.4
30479.0,66.9
29453.0,67.03
29539.0,68.08
30130.0,69.26
32796.0,73.18
33487.0,75.38
33513.0,74.7
32295.0,72.3
29495.0,68.69
26800.0,64.16
24849.0,63.59
23329.0,57.64
22459.0,55.66
22109.0,54.2
22088.0,53.82
22585.0,54.53
24969.0,57.64
28954.0,65.53
31021.0,67.27
31976.0,67.86
32451.0,67.86
32478.0,67.07
32461.0,66.7
32176.0,66.49
30905.0,65.22
30217.0,64.22
29941.0,64.59
30596.0,67.6
33125.0,72.92
33964.0,73.25
33986.0,73.26
32852.0,71.55
29846.0,67.55
27063.0,63.83
25090.0,65.09
23550.0,57.91
22654.0,55.3
22179.0,55.02
22255.0,55.61
22783.0,56.33
25081.0,64.43
28993.0,68.61
31064.0,68.52
32000.0,69.03
32361.0,69.04
32398.0,68.75
32368.0,68.34
32147.0,68.49
30827.0,68.15
30326.0,67.69
29936.0,68.06
30508.0,69.13
33082.0,75.8
33858.0,76.68
33931.0,76.77
32726.0,73.23
29868.0,68.91
27102.0,66.36
24987.0,66.19
23399.0,58.95
22411.0,57.03
21972.0,55.93
21918.0,55.9
22476.0,55.77
24801.0,63.47
28629.0,67.94
30837.0,68.11
31632.0,68.75
31929.0,68.93
31801.0,68.5
32023.0,68.68
31896.0,68.34
30772.0,68.23
30346.0,68.18
30035.0,68.5
30740.0,68.94
33208.0,72.84
33818.0,73.2
33912.0,73.0
32783.0,71.77
30088.0,67.95
27259.0,64.94
25371.0,64.81
23776.0,57.48
22704.0,56.36
22308.0,55.21
22265.0,52.24
22817.0,53.07
24959.0,57.76
28847.0,63.73
30948.0,65.43
31826.0,66.03
32225.0,64.95
32197.0,63.7
32076.0,63.77
31911.0,62.91
30386.0,56.56
30231.0,53.3
29824.0,53.62
30393.0,58.34
32704.0,62.38
33023.0,60.32
32986.0,58.44
31942.0,53.55
29772.0,47.08
27435.0,42.61
25736.0,40.71
24223.0,34.39
22956.0,25.66
22251.0,20.85
21883.0,18.2
21871.0,18.19
22362.0,19.55
23487.0,23.04
24682.0,35.57
27009.0,43.25
28638.0,44.52
28981.0,43.11
28745.0,44.19
28947.0,41.49
28040.0,36.74
26701.0,35.38
26055.0,35.93
26476.0,45.36
28518.0,53.1
28813.0,52.78
29284.0,54.12
29093.0,49.89
27413.0,48.69
25484.0,45.44
23899.0,47.09
22245.0,42.23
21031.0,38.65
20256.0,35.42
20114.0,34.34
20048.0,34.37
20360.0,35.9
20970.0,38.31
21276.0,48.69
23157.0,50.72
25184.0,50.13
26078.0,49.51
26240.0,49.5
26778.0,49.83
26578.0,49.25
25225.0,45.46
24583.0,45.54
25005.0,50.32
27658.0,64.85
28718.0,68.93
29453.0,69.08
29519.0,67.76
28297.0,55.93
26019.0,50.91
23821.0,58.48
22102.0,52.14
21198.0,48.07
20981.0,44.83
21089.0,43.91
21941.0,50.65
24827.0,59.75
29462.0,67.05
32185.0,70.49
33597.0,74.41
34544.0,74.45
34426.0,73.41
34431.0,70.46
34179.0,70.0
32961.0,68.3
32496.0,68.37
32185.0,68.91
33036.0,78.64
35422.0,91.35
36179.0,99.32
36147.0,91.9
34935.0,76.69
32092.0,68.73
28882.0,65.78
26527.0,58.72
24607.0,56.4
23604.0,54.25
23215.0,52.28
23168.0,51.63
23838.0,54.04
26434.0,63.85
30923.0,70.85
33785.0,75.03
34962.0,75.91
35564.0,74.26
35350.0,72.76
35075.0,72.1
34750.0,71.24
33672.0,70.88
33299.0,70.37
33224.0,69.23
34178.0,79.71
36624.0,85.27
37201.0,86.73
37186.0,78.72
35927.0,71.46
32935.0,63.13
29573.0,57.88
26829.0,51.7
24823.0,49.97
23757.0,47.4
23276.0,43.93
23230.0,38.65
23941.0,46.61
26357.0,52.91
31034.0,61.29
33622.0,67.72
34657.0,71.0
35360.0,70.44
35112.0,66.65
34615.0,65.66
34434.0,64.44
33302.0,56.52
32791.0,55.63
32550.0,56.29
33331.0,61.86
35666.0,71.21
36304.0,72.85
36265.0,69.63
35224.0,65.24
32579.0,57.46
29422.0,52.76
26935.0,48.31
25021.0,45.03
23812.0,40.41
23330.0,38.24
23366.0,39.86
23960.0,42.78
26469.0,49.85
30803.0,55.3
33104.0,64.78
34002.0,65.39
34377.0,65.35
34159.0,64.64
34040.0,64.36
33779.0,63.8
32563.0,59.55
32108.0,56.29
32018.0,58.45
32913.0,65.14
35451.0,72.52
36010.0,73.52
35923.0,71.29
34878.0,66.57
32368.0,60.77
29440.0,56.33
27024.0,48.49
25232.0,50.13
24058.0,48.66
23471.0,43.16
23388.0,41.12
23900.0,46.59
26222.0,54.0
30493.0,66.87
32746.0,70.65
33724.0,71.84
33993.0,71.28
33719.0,69.05
33502.0,69.15
33193.0,68.99
31996.0,66.81
31292.0,63.89
30971.0,64.04
31736.0,74.74
34144.0,78.93
34610.0,76.74
34405.0,72.01
33608.0,70.56
31517.0,60.27
29114.0,54.16
27110.0,54.87
25130.0,51.91
23667.0,47.69
22874.0,41.02
22613.0,38.83
22529.0,39.23
23103.0,44.49
24587.0,48.34
25932.0,50.14
28345.0,52.82
29952.0,56.32
30037.0,53.52
29521.0,53.52
29375.0,54.85
28662.0,54.37
27631.0,52.53
27040.0,52.41
27293.0,59.07
29806.0,69.44
30545.0,71.52
30878.0,71.49
30689.0,71.44
29239.0,68.89
27310.0,66.48
25238.0,58.31
23197.0,54.07
21871.0,52.02
21112.0,51.48
20829.0,49.99
20867.0,50.73
21346.0,52.73
21997.0,52.97
22387.0,52.59
24308.0,54.82
26123.0,55.23
26708.0,54.48
26491.0,54.64
26804.0,55.96
26753.0,55.58
25557.0,54.19
24980.0,54.85
25601.0,62.54
28365.0,73.27
29597.0,75.7
30579.0,75.77
30633.0,75.56
29475.0,71.69
27108.0,66.91
24641.0,63.75
22975.0,54.71
22033.0,52.72
21712.0,52.61
21748.0,52.85
22587.0,53.84
25543.0,59.08
30430.0,69.93
33430.0,71.43
34579.0,72.18
35132.0,72.17
34776.0,70.78
34381.0,70.97
33998.0,71.12
32803.0,69.85
32242.0,70.75
32084.0,71.46
33049.0,75.73
35723.0,83.89
36464.0,85.82
36594.0,85.21
35359.0,82.16
32846.0,74.58
29720.0,71.66
26402.0,72.63
24164.0,68.21
22855.0,63.75
22342.0,61.69
22338.0,61.42
23043.0,63.59
26165.0,69.25
31233.0,75.32
34908.0,77.19
36149.0,78.24
36704.0,80.11
36349.0,78.18
35720.0,77.0
35254.0,74.37
33969.0,72.74
33376.0,72.57
33240.0,73.03
33686.0,75.33
36035.0,82.87
37323.0,84.8
37433.0,84.23
36666.0,79.11
34098.0,74.3
30762.0,72.41
29186.0,74.59
26778.0,68.41
25536.0,60.95
24903.0,56.28
24870.0,55.92
25470.0,56.02
28056.0,66.73
32886.0,73.19
35790.0,77.87
37828.0,81.56
37609.0,80.07
37294.0,79.59
36994.0,76.17
35559.0,74.53
35063.0,74.26
35108.0,74.88
35318.0,81.86
36057.0,92.0
38356.0,90.21
38753.0,89.85
37938.0,83.9
35207.0,76.27
31946.0,74.32
25830.0,69.7
24083.0,59.61
23024.0,57.05
22636.0,54.92
22514.0,55.18
23099.0,55.06
25434.0,58.89
28867.0,70.39
31247.0,73.98
32124.0,73.77
32539.0,75.44
32498.0,73.5
32156.0,73.59
32018.0,70.26
31019.0,68.46
30403.0,68.67
29905.0,70.18
29770.0,74.87
29940.0,82.44
32529.0,84.16
34214.0,84.78
33378.0,80.34
30776.0,74.0
28041.0,71.35
24003.0,69.04
22286.0,61.93
21132.0,59.44
20436.0,59.33
20014.0,58.64
20056.0,59.6
20453.0,63.91
20608.0,71.01
21162.0,73.93
22973.0,76.64
24494.0,78.05
24924.0,75.42
25045.0,74.75
25442.0,72.89
25197.0,71.59
24433.0,73.01
23671.0,73.75
23257.0,76.94
23281.0,85.72
23829.0,86.87
25241.0,86.8
28198.0,80.57
27436.0,76.24
25470.0,72.82
25597.0,73.04
23968.0,68.56
23072.0,64.28
22737.0,60.62
22563.0,57.81
22980.0,57.48
24639.0,57.68
27050.0,62.96
29294.0,65.68
30622.0,68.78
31611.0,68.39
32142.0,67.84
32848.0,67.9
33010.0,67.52
31997.0,65.33
31325.0,63.47
31402.0,65.01
31656.0,68.78
31288.0,75.19
30812.0,81.6
30764.0,81.83
31692.0,79.8
30172.0,69.39
27369.0,67.64
25944.0,58.84
24344.0,57.0
23476.0,53.58
22990.0,53.22
22810.0,53.2
23096.0,53.64
24576.0,53.67
27030.0,56.23
29341.0,57.42
30680.0,58.27
31585.0,57.42
32194.0,56.7
32669.0,56.24
32686.0,56.19
31516.0,56.07
30696.0,55.87
30534.0,55.65
30545.0,57.37
30179.0,69.93
29820.0,71.29
29503.0,71.81
29548.0,70.87
29136.0,65.5
27082.0,56.28
27397.0,52.7
25679.0,48.31
24325.0,39.7
23442.0,37.55
22826.0,37.21
22545.0,38.04
22209.0,50.26
21697.0,57.26
22685.0,61.02
24215.0,60.6
25695.0,64.78
26884.0,60.41
27827.0,60.27
28778.0,58.84
29307.0,58.33
28870.0,57.91
28593.0,58.21
28314.0,62.93
28206.0,71.9
28366.0,74.17
28745.0,73.94
29626.0,71.81
31247.0,64.26
30027.0,57.4
27483.0,56.21
25641.0,51.4
24461.0,49.94
23871.0,50.36
23574.0,50.13
23721.0,51.67
24953.0,55.2
26164.0,58.25
28161.0,58.92
30499.0,62.53
31817.0,66.58
32966.0,67.18
33844.0,65.37
34527.0,67.06
34216.0,64.21
33467.0,61.1
33200.0,60.32
33076.0,68.21
32646.0,74.66
31931.0,75.67
31598.0,76.94
32671.0,75.05
31832.0,71.28
29730.0,68.11
25398.0,64.68
23997.0,56.83
22915.0,54.06
22287.0,51.34
21884.0,50.09
21762.0,50.69
22099.0,55.92
22824.0,69.79
23646.0,73.27
25762.0,74.13
27425.0,75.62
28010.0,75.09
28276.0,74.81
28320.0,72.55
27754.0,71.52
26468.0,71.19
25759.0,72.61
25604.0,76.44
25667.0,85.65
25951.0,81.6
27186.0,81.56
28400.0,76.65
26741.0,70.91
25075.0,67.32
22527.0,69.02
21200.0,60.68
20194.0,56.36
19767.0,55.7
19558.0,55.17
19566.0,55.41
20017.0,63.07
20906.0,74.04
21217.0,77.99
22600.0,76.21
24285.0,78.83
25099.0,78.03
25316.0,77.03
25708.0,74.38
25371.0,73.29
24011.0,73.22
23318.0,74.16
23024.0,76.74
23249.0,84.17
24657.0,83.54
27539.0,83.21
27689.0,79.26
25858.0,74.4
23946.0,69.86
24702.0,68.95
23043.0,59.87
22275.0,55.54
21915.0,55.03
21913.0,54.59
22474.0,55.21
24626.0,60.33
28279.0,70.5
30057.0,77.52
30876.0,77.22
31376.0,79.09
31396.0,77.58
31471.0,76.26
31386.0,74.27
30279.0,72.25
29523.0,70.85
29258.0,72.34
29876.0,75.96
32325.0,81.48
33192.0,81.34
33200.0,80.76
31940.0,77.71
29214.0,71.62
26493.0,65.78
27461.0,70.16
25273.0,67.21
23747.0,57.07
23009.0,56.32
22669.0,55.85
22571.0,55.57
23239.0,55.72
24753.0,57.7
26250.0,66.22
28668.0,68.43
30439.0,71.44
30650.0,71.61
30338.0,71.42
30263.0,69.99
29638.0,70.12
28435.0,69.03
27792.0,68.69
28469.0,70.55
30775.0,77.08
31249.0,77.33
31489.0,77.09
31149.0,76.02
29746.0,69.24
27780.0,66.59
25567.0,65.67
23575.0,56.33
22170.0,54.62
21349.0,54.2
20955.0,53.26
20985.0,52.99
21370.0,52.62
22155.0,52.59
22730.0,53.47
24491.0,54.79
26697.0,57.49
27569.0,57.85
27469.0,56.27
27818.0,56.01
27772.0,55.17
26703.0,53.12
25998.0,53.11
26673.0,53.28
29191.0,62.02
30169.0,64.89
31248.0,64.92
31406.0,64.7
30385.0,53.87
27746.0,50.62
25185.0,47.59
23395.0,41.41
22332.0,39.66
21967.0,37.98
21927.0,36.96
22812.0,39.2
25797.0,50.68
30797.0,60.39
33620.0,64.96
34518.0,67.91
34972.0,72.51
34938.0,70.81
34717.0,69.95
34593.0,67.68
33429.0,65.0
32893.0,64.69
32769.0,66.68
33784.0,72.47
35808.0,81.78
36254.0,80.75
36361.0,80.33
35446.0,73.68
32896.0,64.74
29866.0,55.18
27662.0,49.99
25374.0,47.48
24105.0,43.86
23604.0,38.82
23465.0,37.26
24121.0,42.41
26696.0,49.37
31356.0,56.71
33941.0,63.55
34372.0,66.34
34667.0,68.71
34417.0,66.44
33961.0,66.61
33594.0,61.09
32322.0,58.2
31863.0,58.5
31932.0,59.63
33017.0,66.05
35382.0,74.23
35886.0,74.5
35967.0,75.06
35161.0,72.84
32707.0,65.43
29442.0,55.66
27111.0,52.54
25020.0,49.36
23884.0,46.61
23267.0,46.92
23337.0,47.64
23995.0,47.82
26404.0,49.79
30841.0,63.68
33471.0,70.45
34079.0,71.6
34234.0,74.62
33891.0,72.92
33527.0,71.9
33179.0,69.9
32164.0,68.44
31684.0,69.49
31705.0,70.64
32737.0,72.27
34901.0,77.94
35352.0,77.94
35393.0,77.78
34593.0,73.32
32172.0,67.02
29270.0,61.33
27028.0,54.89
24970.0,51.03
23837.0,46.95
23369.0,45.73
23162.0,46.14
23837.0,46.28
26295.0,50.46
30694.0,62.03
33310.0,68.86
33845.0,71.48
34087.0,73.25
33891.0,72.37
33507.0,70.65
33209.0,68.81
32046.0,68.13
31521.0,68.31
31744.0,69.67
32524.0,71.57
34806.0,77.13
35328.0,77.58
35396.0,78.72
34434.0,74.28
31902.0,68.8
28871.0,61.45
26613.0,55.09
24684.0,51.56
23461.0,47.42
22924.0,47.55
22790.0,47.56
23426.0,48.6
25747.0,51.94
30234.0,65.37
32913.0,70.92
33365.0,71.78
33756.0,74.09
33456.0,73.27
32994.0,72.58
32663.0,70.33
31410.0,68.66
30807.0,67.74
30615.0,68.57
31400.0,71.72
33651.0,75.03
34052.0,74.51
33900.0,74.17
33002.0,71.49
31035.0,64.81
28825.0,56.02
27028.0,55.29
25026.0,53.28
23492.0,51.64
22688.0,50.22
22309.0,47.96
22239.0,47.78
23034.0,48.86
24576.0,50.82
26119.0,53.11
28468.0,55.94
30245.0,63.08
30369.0,56.35
29670.0,54.26
29555.0,53.86
28859.0,52.71
27756.0,51.64
27052.0,51.51
27584.0,54.33
30225.0,65.99
30907.0,68.6
31208.0,68.51
30890.0,68.75
29419.0,61.76
27393.0,54.02
25104.0,48.47
23126.0,43.53
21776.0,31.67
20893.0,27.84
20551.0,27.45
20577.0,30.05
21029.0,42.79
21955.0,44.74
22557.0,49.11
24348.0,55.85
26238.0,61.8
26893.0,63.96
26768.0,63.28
26883.0,63.32
26779.0,63.5
25978.0,55.93
25417.0,57.82
25817.0,65.36
28273.0,74.1
29337.0,74.64
30310.0,78.19
30356.0,78.94
29367.0,73.83
27169.0,70.64
24718.0,56.0
22854.0,54.6
21735.0,52.77
21223.0,50.45
21231.0,50.44
22031.0,51.43
24626.0,56.43
29035.0,67.15
32231.0,71.33
33184.0,72.46
33571.0,74.86
33416.0,74.46
33003.0,72.47
32724.0,69.29
31540.0,67.08
30842.0,64.41
30664.0,66.87
31469.0,70.93
33757.0,77.35
34364.0,77.53
34459.0,76.86
33782.0,72.88
31377.0,67.29
28346.0,60.12
26116.0,55.19
24078.0,52.73
22928.0,48.06
22370.0,46.8
22300.0,45.76
22847.0,46.48
25299.0,52.42
29440.0,62.74
32478.0,67.97
33413.0,69.26
33680.0,72.04
33362.0,70.92
32820.0,69.63
32483.0,67.51
31375.0,64.79
30794.0,61.37
30818.0,65.07
31682.0,69.82
34071.0,76.3
34372.0,77.83
34281.0,77.99
33507.0,75.99
31360.0,69.44
28596.0,66.98
26236.0,56.44
24119.0,54.29
22793.0,52.54
22178.0,52.46
21988.0,53.34
22540.0,54.76
24672.0,63.19
28208.0,68.3
30993.0,71.56
32680.0,71.72
33336.0,74.1
33070.0,72.57
32537.0,71.6
32169.0,68.99
30973.0,68.14
30273.0,67.65
30235.0,67.84
31179.0,69.52
33128.0,75.22
33135.0,74.69
33012.0,74.06
32481.0,71.06
30436.0,65.23
27784.0,56.48
25475.0,54.94
23278.0,49.73
21845.0,47.91
21096.0,45.51
20754.0,43.13
20947.0,44.28
21979.0,47.98
24101.0,53.54
26152.0,57.49
28325.0,64.49
29553.0,66.88
29495.0,63.91
28617.0,60.79
27975.0,59.48
26924.0,55.98
25906.0,55.97
25561.0,55.85
26272.0,65.01
29052.0,70.86
29367.0,71.34
28160.0,72.33
26481.0,71.67
24056.0,67.84
23040.0,55.75
22518.0,55.94
21426.0,53.09
20020.0,52.6
18811.0,51.33
18178.0,50.99
18041.0,51.12
18253.0,51.75
18725.0,51.68
18811.0,52.01
19911.0,53.54
21897.0,56.57
23215.0,58.02
23524.0,57.61
23550.0,57.57
22765.0,58.48
21020.0,54.23
20606.0,55.9
21233.0,62.04
23852.0,67.01
24942.0,67.93
25672.0,69.63
26103.0,69.4
25765.0,64.28
24176.0,56.63
22237.0,51.92
20390.0,49.57
19193.0,45.03
18567.0,42.83
18539.0,40.83
18867.0,40.19
19631.0,42.17
20680.0,43.69
21785.0,48.89
24005.0,53.12
26281.0,61.22
26992.0,58.23
26702.0,57.83
26736.0,58.25
26159.0,58.78
25074.0,55.91
24606.0,56.08
25078.0,59.76
27529.0,61.99
28319.0,61.68
28786.0,61.64
28714.0,61.28
27604.0,58.06
25828.0,50.62
23809.0,45.65
21818.0,41.61
20366.0,38.64
19552.0,34.32
19248.0,31.69
19282.0,29.84
19616.0,32.92
20260.0,32.79
20762.0,34.87
22454.0,40.87
24569.0,45.66
25459.0,46.39
25359.0,44.45
25730.0,44.7
25629.0,43.85
24591.0,41.56
23998.0,38.59
24452.0,42.57
27037.0,47.69
27886.0,47.03
28685.0,44.83
28962.0,44.65
27942.0,42.4
25777.0,38.44
23283.0,40.91
21688.0,42.58
20223.0,31.52
19692.0,29.98
19570.0,28.54
20107.0,35.9
22241.0,39.55
25223.0,46.03
27901.0,50.38
30019.0,53.01
31185.0,57.28
31343.0,53.49
30937.0,51.53
31073.0,49.26
30388.0,46.29
29673.0,44.96
29496.0,47.73
30011.0,54.14
31688.0,58.69
31981.0,60.76
31883.0,63.39
31563.0,61.43
29537.0,55.05
26936.0,52.85
24525.0,47.01
22324.0,42.78
21094.0,43.34
20377.0,43.57
20239.0,46.39
20664.0,43.43
22389.0,48.08
25222.0,55.3
27762.0,60.59
29788.0,65.47
30967.0,66.85
30979.0,62.68
30526.0,61.24
30527.0,59.27
29460.0,58.23
28476.0,57.21
28259.0,57.81
28855.0,62.31
31127.0,68.69
31532.0,69.77
31722.0,70.14
31268.0,67.36
29125.0,59.38
26506.0,56.8
24159.0,48.4
21924.0,43.61
20647.0,39.28
20066.0,38.33
19870.0,37.5
20361.0,37.4
22119.0,42.42
24977.0,49.36
27491.0,56.03
29452.0,58.21
30568.0,60.7
30638.0,58.1
30202.0,56.56
30216.0,54.28
29455.0,46.55
28684.0,45.67
28539.0,46.73
29026.0,55.22
31053.0,61.21
31364.0,62.65
31393.0,65.28
30951.0,61.28
29126.0,56.86
26707.0,55.74
24383.0,45.93
22056.0,43.26
20597.0,39.55
19742.0,38.33
19445.0,37.28
19655.0,39.74
20800.0,44.27
22826.0,53.98
24747.0,59.66
26801.0,61.89
28243.0,66.28
28377.0,66.11
27833.0,64.38
27740.0,61.86
27066.0,60.94
26061.0,60.28
25659.0,62.11
26141.0,65.97
28812.0,74.94
29568.0,75.87
28653.0,75.53
27078.0,72.27
24565.0,65.52
23311.0,59.53
22431.0,57.85
21632.0,51.03
20357.0,45.44
19152.0,40.31
18310.0,40.5
18054.0,40.26
18234.0,35.71
18596.0,33.83
18541.0,33.88
18942.0,39.25
20484.0,42.89
21805.0,41.4
22607.0,40.96
23178.0,39.0
23265.0,38.36
22061.0,34.48
21481.0,32.47
21830.0,39.19
24291.0,45.99
25234.0,46.73
25881.0,44.65
26149.0,41.02
25610.0,40.12
24000.0,37.02
24937.0,34.09
23121.0,28.82
22101.0,29.73
21718.0,30.0
21760.0,28.38
22695.0,26.06
25689.0,28.11
30493.0,28.89
33164.0,29.88
34001.0,38.81
34176.0,45.43
33919.0,45.43
33593.0,39.97
33310.0,40.47
32099.0,40.53
31449.0,39.26
31179.0,41.57
31175.0,49.14
32515.0,56.59
34967.0,63.85
35381.0,66.19
34700.0,67.9
32055.0,57.96
28939.0,50.27
27227.0,40.53
25292.0,32.89
24265.0,28.38
23774.0,25.37
23650.0,22.56
24275.0,24.51
27243.0,19.92
31518.0,24.27
34093.0,26.15
35371.0,33.64
35678.0,33.25
35221.0,33.82
34751.0,33.66
34335.0,33.16
33029.0,31.65
32344.0,29.4
31927.0,31.28
31824.0,34.45
32226.0,38.52
35161.0,38.73
36599.0,36.92
35729.0,34.94
33154.0,32.89
29838.0,31.48
26751.0,25.01
24882.0,22.32
23736.0,19.92
23199.0,19.29
23000.0,17.85
23348.0,21.25
25748.0,34.0
29620.0,41.07
31776.0,48.15
33087.0,49.31
33719.0,52.82
33669.0,52.33
33521.0,51.39
32874.0,50.16
31594.0,49.84
30376.0,48.09
29915.0,47.92
29633.0,52.45
29158.0,56.69
29159.0,54.13
30469.0,53.17
32482.0,50.67
30508.0,47.28
28598.0,34.33
23642.0,34.11
21990.0,31.94
20629.0,24.03
19865.0,24.01
19446.0,24.84
19248.0,30.14
19296.0,34.79
18956.0,40.91
20072.0,51.15
21911.0,50.22
23473.0,53.39
23991.0,50.95
23961.0,48.9
23883.0,46.51
23378.0,43.96
22190.0,44.06
21549.0,45.15
21233.0,48.05
21298.0,54.01
21756.0,54.17
22929.0,50.25
25815.0,45.35
25843.0,43.72
24167.0,41.68
25135.0,29.0
23717.0,23.52
22747.0,19.49
22440.0,20.07
22396.0,19.28
22737.0,19.29
24350.0,19.74
26788.0,22.51
28705.0,24.78
30029.0,30.18
30655.0,30.97
31057.0,30.75
31466.0,26.3
31369.0,26.78
30470.0,24.09
29970.0,23.46
29979.0,24.39
29924.0,28.8
29640.0,33.5
29409.0,41.65
29484.0,41.42
30027.0,40.77
29332.0,35.45
26854.0,27.13
28425.0,25.1
26609.0,19.64
25442.0,18.25
24864.0,17.68
24609.0,16.72
24776.0,17.54
26062.0,25.36
28023.0,34.63
30354.0,47.89
32641.0,49.95
33925.0,50.92
34542.0,49.94
35364.0,49.38
35804.0,47.83
34702.0,44.59
33939.0,41.93
33753.0,42.21
33510.0,48.8
33079.0,51.2
32697.0,52.68
32172.0,47.37
31560.0,43.92
30943.0,41.9
29025.0,37.84
26986.0,32.62
25125.0,27.26
23969.0,25.61
23281.0,25.73
23088.0,25.19
23573.0,27.59
25487.0,34.95
27299.0,44.57
29776.0,47.76
31487.0,46.61
33239.0,48.58
34169.0,46.67
35215.0,45.89
35892.0,44.69
35288.0,42.0
34479.0,42.75
34240.0,46.02
34101.0,53.46
33693.0,57.56
32919.0,58.36
32267.0,59.28
32709.0,57.47
32355.0,48.63
29998.0,44.67
28284.0,40.24
26487.0,37.91
25264.0,34.47
24744.0,35.98
24505.0,33.96
24766.0,34.25
26459.0,33.64
28734.0,34.35
30505.0,38.4
32582.0,43.06
34111.0,43.13
35067.0,42.48
36201.0,39.31
36769.0,38.42
36004.0,35.94
35417.0,29.85
35492.0,30.75
35529.0,38.95
34992.0,45.38
34052.0,43.37
33899.0,37.94
34957.0,34.54
32547.0,33.3
30096.0,31.12
25362.0,22.52
24135.0,17.17
23117.0,15.49
22487.0,14.47
22063.0,14.02
21869.0,13.3
22198.0,13.8
23304.0,12.32
23972.0,14.33
25986.0,17.03
27375.0,17.16
27734.0,19.2
28090.0,18.12
28276.0,23.23
27507.0,21.41
26346.0,18.82
25651.0,18.33
25559.0,19.01
25497.0,36.2
26352.0,41.31
28617.0,39.42
28678.0,35.9
26798.0,33.86
24930.0,25.49
22557.0,15.28
21261.0,12.83
20403.0,13.02
19960.0,12.86
19710.0,13.09
19764.0,14.75
20230.0,15.24
20643.0,28.22
21168.0,47.22
22967.0,47.43
24202.0,47.25
24650.0,44.04
24634.0,41.29
25068.0,42.58
24807.0,39.51
23577.0,38.77
22945.0,41.33
23000.0,46.26
25449.0,53.57
27006.0,50.56
27672.0,50.92
27136.0,49.77
25633.0,43.66
23727.0,36.85
27046.0,29.94
25058.0,23.23
23874.0,18.81
23410.0,20.34
23365.0,19.29
24116.0,23.95
26763.0,34.22
30980.0,44.15
33422.0,48.98
34280.0,49.05
34630.0,50.63
34707.0,50.28
34684.0,46.57
34732.0,44.76
33651.0,41.91
33084.0,41.61
33033.0,44.68
33961.0,50.88
35578.0,67.59
35923.0,74.92
36345.0,76.66
35454.0,74.51
32681.0,61.13
29650.0,49.99
27421.0,46.45
25382.0,37.61
24219.0,32.41
23562.0,31.88
23555.0,31.62
24198.0,31.86
26792.0,37.95
31474.0,53.68
34420.0,60.48
35186.0,62.55
35613.0,63.92
35477.0,59.11
35152.0,54.45
34980.0,52.93
33798.0,48.32
33252.0,47.73
33146.0,47.71
33652.0,51.03
35573.0,61.4
36708.0,61.46
36875.0,55.52
36084.0,50.7
33413.0,45.97
30202.0,43.89
27936.0,34.68
25936.0,26.01
24731.0,19.17
24167.0,18.23
24087.0,17.05
24584.0,20.37
27035.0,31.85
31511.0,46.93
34484.0,55.96
35004.0,54.26
35425.0,56.63
35679.0,56.62
35646.0,57.92
35559.0,58.08
34366.0,53.19
33763.0,50.71
33641.0,49.57
34137.0,56.39
35735.0,65.35
36701.0,64.79
36677.0,57.99
35828.0,56.46
33228.0,47.08
30088.0,42.97
27672.0,42.77
25688.0,35.32
24408.0,31.76
23893.0,31.42
23765.0,30.17
24392.0,34.04
26975.0,40.79
31392.0,48.71
34356.0,56.18
35177.0,56.29
35768.0,57.58
35939.0,56.64
35631.0,52.32
35401.0,49.5
34082.0,47.58
33308.0,45.65
33078.0,45.53
33189.0,50.83
34985.0,59.56
36107.0,60.52
35951.0,56.69
35364.0,53.08
33193.0,49.73
30665.0,48.49
28539.0,38.96
26495.0,36.24
24938.0,30.5
24058.0,30.42
23633.0,26.36
23500.0,26.14
24176.0,27.66
25631.0,33.97
27257.0,41.58
29776.0,44.99
31998.0,46.67
32180.0,44.88
31510.0,42.88
31406.0,42.07
30663.0,40.1
29402.0,39.01
28726.0,40.84
28691.0,46.84
30848.0,58.72
32436.0,61.37
32998.0,59.06
32956.0,56.81
31734.0,51.08
29453.0,46.49
27057.0,45.93
24791.0,43.76
23259.0,41.34
22417.0,39.17
21960.0,34.37
21919.0,34.29
22384.0,37.09
23181.0,40.23
23900.0,41.56
25833.0,44.0
28313.0,45.49
29409.0,45.07
29344.0,45.17
29632.0,45.95
29630.0,45.14
28555.0,43.91
27787.0,41.89
27845.0,46.71
30332.0,55.51
32083.0,60.19
33266.0,59.27
33461.0,58.2
32212.0,51.79
29475.0,45.36
26586.0,46.74
24656.0,45.5
23420.0,40.49
22859.0,33.16
22742.0,31.18
23866.0,31.1
27094.0,38.11
32027.0,47.67
35569.0,57.93
36437.0,58.88
37178.0,60.5
37019.0,59.29
36716.0,54.25
36399.0,53.13
35096.0,48.83
34498.0,47.89
34437.0,47.86
34665.0,52.8
36335.0,66.12
37564.0,69.89
37724.0,66.55
36751.0,59.8
33951.0,56.92
30623.0,53.83
27958.0,46.07
25831.0,43.17
24589.0,41.79
24185.0,38.29
24103.0,37.34
24736.0,44.63
27449.0,51.06
32326.0,59.77
35535.0,68.99
36174.0,70.46
36561.0,73.22
36416.0,70.27
35980.0,67.18
35733.0,65.22
34662.0,62.72
34144.0,62.32
34045.0,63.03
34591.0,69.81
36577.0,76.92
37962.0,78.29
38071.0,71.47
37231.0,61.53
34426.0,57.09
30932.0,52.55
28222.0,47.68
25955.0,45.42
24813.0,41.73
24307.0,39.72
24212.0,38.64
24793.0,42.55
27378.0,48.54
32354.0,60.45
35577.0,68.12
36514.0,69.83
36929.0,74.13
36499.0,70.76
36035.0,66.93
35688.0,64.62
34434.0,61.96
33737.0,59.69
33688.0,68.42
34107.0,71.93
35952.0,77.48
37314.0,78.08
37527.0,76.66
36520.0,68.45
33839.0,59.14
30538.0,56.87
27991.0,47.23
25797.0,46.32
24501.0,44.39
23998.0,43.48
23886.0,42.48
24549.0,44.42
27280.0,48.8
32095.0,55.78
35003.0,64.47
35707.0,66.66
36281.0,69.24
36035.0,68.77
35779.0,68.73
35599.0,64.53
34331.0,64.95
33846.0,65.42
34028.0,64.58
34504.0,66.03
36109.0,71.23
37423.0,71.95
37468.0,70.58
36555.0,54.91
33817.0,53.63
30587.0,52.35
28033.0,46.17
26102.0,45.6
24711.0,43.91
24148.0,42.2
24103.0,40.46
24749.0,40.9
27295.0,46.42
31913.0,55.71
34785.0,60.01
35569.0,59.86
35967.0,60.69
35758.0,59.86
35320.0,59.79
35137.0,59.0
33741.0,58.78
33041.0,57.37
32828.0,57.41
32907.0,57.76
34408.0,64.6
35512.0,65.44
35335.0,65.09
34802.0,61.92
32627.0,59.08
30025.0,52.1
27902.0,52.27
25682.0,49.03
24283.0,46.49
23496.0,46.32
23013.0,46.51
22880.0,46.16
23410.0,46.11
25031.0,46.6
26616.0,46.12
29158.0,45.64
31102.0,48.57
31227.0,49.3
30514.0,46.28
30339.0,48.71
29387.0,46.79
28137.0,46.64
27400.0,46.66
27264.0,47.18
29144.0,53.29
30855.0,60.13
31189.0,59.94
31254.0,58.41
29814.0,52.41
27761.0,47.57
25595.0,45.3
23640.0,43.22
22264.0,42.55
21493.0,43.05
21165.0,42.81
21121.0,42.67
21416.0,42.33
22033.0,41.98
22686.0,41.8
24652.0,42.32
26677.0,42.39
27351.0,41.21
27129.0,42.47
27366.0,43.56
27160.0,43.42
25942.0,43.47
25285.0,42.09
25271.0,44.67
27393.0,45.17
29919.0,44.6
30986.0,44.59
31188.0,44.31
30141.0,43.54
27640.0,44.06
25027.0,43.86
23121.0,42.07
22169.0,35.9
21953.0,33.6
22281.0,31.49
22807.0,36.19
25716.0,43.11
30429.0,50.64
33289.0,56.71
34131.0,55.8
34463.0,60.43
34461.0,60.33
34084.0,60.36
33877.0,60.14
32707.0,58.44
31908.0,59.84
31660.0,59.84
31960.0,62.17
33634.0,68.12
35427.0,72.32
35742.0,72.57
34888.0,70.99
32218.0,62.64
29032.0,60.06
27018.0,56.79
25028.0,51.03
23973.0,47.2
23498.0,46.82
23313.0,46.59
23985.0,46.43
26596.0,52.18
31080.0,56.13
33918.0,62.32
34567.0,60.83
34985.0,62.72
34759.0,61.17
34501.0,61.22
34328.0,60.1
32994.0,56.41
32401.0,56.34
32197.0,54.97
32359.0,59.21
33962.0,63.7
35859.0,66.21
36244.0,65.41
35565.0,61.68
32719.0,57.54
29521.0,51.41
27219.0,49.71
25294.0,46.05
24026.0,44.84
23580.0,44.36
23533.0,43.18
24083.0,44.88
26674.0,46.64
31367.0,46.36
33898.0,56.24
34723.0,56.89
34952.0,58.94
34825.0,57.46
34468.0,55.95
34324.0,54.38
33087.0,50.12
32455.0,47.21
32179.0,46.78
32402.0,51.38
34025.0,58.62
35807.0,60.21
36066.0,59.88
35282.0,57.09
32572.0,52.2
29506.0,46.4
27170.0,46.48
25087.0,45.15
23820.0,44.45
23349.0,44.09
23270.0,44.01
23837.0,45.48
26329.0,47.26
30815.0,56.08
33507.0,59.02
34188.0,59.32
34555.0,61.99
34585.0,60.58
34364.0,60.6
34447.0,59.61
33404.0,59.99
32958.0,59.67
32824.0,58.92
33062.0,59.37
34403.0,64.03
36016.0,64.58
36105.0,63.24
35306.0,59.66
32601.0,55.17
29557.0,46.9
27306.0,46.69
25299.0,45.11
24024.0,42.72
23490.0,41.83
23345.0,40.84
23961.0,42.43
26402.0,44.8
30730.0,51.43
33390.0,57.24
34230.0,57.68
34860.0,58.77
34820.0,57.76
34472.0,55.48
34237.0,56.94
32993.0,56.15
32371.0,55.29
32086.0,56.07
32049.0,58.42
33235.0,60.77
34921.0,62.9
34867.0,62.42
34302.0,60.15
32177.0,57.07
29489.0,54.52
27662.0,56.25
25660.0,52.45
24106.0,49.7
23276.0,47.97
22893.0,47.18
22841.0,46.79
23253.0,46.56
24655.0,46.55
26373.0,44.53
28990.0,43.34
30965.0,43.67
30907.0,42.96
30223.0,42.28
30049.0,42.37
29306.0,43.43
28055.0,42.52
27312.0,41.64
27155.0,43.37
29016.0,44.46
30999.0,45.75
31700.0,45.27
31771.0,45.16
30296.0,43.64
28200.0,42.37
25833.0,43.75
23820.0,36.56
22863.0,30.36
22056.0,30.04
21622.0,25.36
21588.0,27.21
21940.0,28.54
22543.0,30.54
23143.0,33.53
24923.0,39.82
26753.0,42.91
27460.0,42.37
27252.0,40.6
27511.0,41.77
27233.0,42.08
25912.0,41.45
25176.0,41.83
25161.0,44.71
26880.0,49.01
29724.0,55.52
30838.0,56.29
30858.0,56.86
30094.0,53.9
27699.0,46.86
22113.0,45.85
20515.0,42.53
19284.0,39.88
18637.0,38.29
18352.0,37.33
18574.0,39.71
19751.0,44.39
20857.0,54.63
22156.0,58.5
24125.0,56.89
26337.0,57.22
27097.0,53.19
26955.0,49.1
27195.0,53.3
27031.0,53.08
25951.0,51.82
25209.0,53.26
25447.0,56.52
27858.0,60.48
28715.0,66.76
29207.0,68.01
29165.0,65.53
27928.0,55.3
26029.0,50.86
26810.0,50.95
24903.0,46.07
23819.0,45.26
23418.0,44.33
23240.0,43.89
23890.0,44.92
26441.0,47.61
30975.0,48.47
33582.0,54.0
34277.0,54.95
34425.0,56.36
34056.0,55.69
33658.0,55.81
33410.0,54.64
32225.0,53.56
31668.0,53.22
31465.0,51.26
31669.0,49.23
32991.0,51.82
35251.0,55.95
35570.0,55.8
34878.0,52.17
32220.0,44.91
29070.0,41.47
27578.0,40.69
25540.0,39.75
24448.0,35.2
23929.0,35.22
23895.0,34.46
24570.0,34.4
27320.0,36.36
31510.0,42.4
34134.0,45.48
35154.0,45.11
35372.0,45.86
35001.0,45.35
34630.0,44.56
34090.0,45.02
32914.0,43.4
32127.0,41.81
31832.0,41.82
31795.0,42.81
32127.0,49.71
34938.0,48.46
36245.0,48.17
35313.0,43.48
32839.0,42.25
29816.0,41.01
26897.0,32.45
25029.0,28.54
23563.0,24.16
22858.0,25.36
22426.0,23.93
22230.0,28.67
22885.0,32.66
24204.0,40.16
25201.0,45.12
27743.0,45.5
29463.0,47.12
29850.0,47.09
29545.0,47.26
29113.0,47.83
28461.0,46.0
27189.0,46.13
26218.0,47.55
25852.0,48.43
25716.0,55.66
26057.0,57.87
27569.0,60.92
29516.0,57.46
28237.0,48.7
27169.0,45.63
22250.0,44.49
20732.0,39.99
19880.0,37.2
19558.0,36.94
19513.0,36.86
20115.0,37.47
22171.0,40.94
23673.0,44.86
25535.0,46.35
27256.0,47.69
28237.0,49.79
28633.0,48.94
28688.0,49.11
28642.0,48.93
27799.0,48.1
26950.0,47.34
26572.0,47.75
26458.0,48.55
26153.0,52.4
26401.0,56.37
27352.0,55.29
29634.0,49.47
28479.0,45.52
26009.0,45.33
25288.0,45.24
23820.0,39.56
22884.0,35.14
22467.0,36.24
22310.0,36.19
22664.0,36.17
24098.0,36.39
26582.0,33.84
28821.0,35.87
30057.0,42.32
30729.0,43.25
31377.0,43.07
31936.0,35.78
31904.0,36.87
30990.0,32.72
30413.0,28.87
30275.0,27.02
30481.0,27.97
30170.0,32.13
29786.0,36.3
29919.0,38.64
30529.0,38.87
29783.0,32.49
27365.0,30.42
27885.0,24.01
26316.0,20.97
24961.0,18.83
24127.0,18.14
23589.0,16.24
23295.0,16.15
23013.0,15.77
23415.0,16.13
25141.0,18.52
27368.0,22.76
29198.0,25.26
30033.0,25.0
30647.0,25.61
31060.0,23.16
30723.0,21.38
29880.0,21.74
29177.0,27.27
28888.0,28.81
28796.0,36.12
28803.0,38.54
28937.0,56.84
29258.0,43.7
29388.0,37.36
27810.0,33.27
28038.0,33.59
26036.0,27.31
24786.0,22.77
24094.0,21.68
23828.0,20.07
24081.0,24.2
25635.0,31.04
27400.0,40.75
29837.0,44.89
32205.0,44.92
33807.0,46.45
34850.0,46.39
35827.0,46.52
36416.0,44.84
35967.0,44.59
35236.0,44.54
34881.0,44.55
34801.0,45.85
34515.0,47.95
33785.0,49.86
33184.0,51.22
33430.0,47.05
32904.0,39.18
30617.0,35.8
28610.0,30.51
26905.0,25.06
25851.0,20.79
25288.0,15.93
25033.0,15.85
25246.0,20.18
27012.0,26.1
29358.0,34.92
30932.0,39.61
32943.0,38.66
34502.0,36.83
35621.0,38.19
36667.0,37.2
37258.0,37.7
36487.0,36.54
35772.0,36.14
35676.0,36.42
35593.0,36.18
34990.0,41.71
34086.0,45.12
33730.0,41.17
34570.0,35.96
32028.0,33.14
29816.0,33.28
23532.0,25.69
22225.0,21.51
21183.0,21.11
20662.0,21.36
20365.0,21.54
20176.0,23.84
20339.0,29.41
20899.0,36.17
20909.0,40.43
22440.0,41.12
23991.0,42.61
24650.0,42.11
25065.0,40.48
25469.0,36.34
25254.0,36.08
24097.0,36.04
23607.0,37.15
23501.0,40.95
23704.0,46.92
24553.0,52.31
27546.0,49.68
28144.0,43.78
26664.0,40.21
24895.0,36.93
22274.0,30.46
21129.0,27.92
20527.0,27.23
20369.0,26.7
20402.0,26.52
21093.0,28.35
23704.0,35.41
27522.0,42.79
29471.0,52.76
30556.0,52.56
31016.0,50.21
31254.0,45.88
31420.0,43.91
31289.0,42.74
30294.0,41.6
29774.0,37.65
29444.0,40.17
29747.0,44.83
31780.0,53.43
32804.0,54.17
32810.0,48.35
31393.0,43.95
28440.0,39.04
25972.0,35.63
27297.0,30.25
25421.0,28.45
24260.0,26.48
23644.0,25.9
23527.0,23.08
24301.0,24.72
26943.0,29.67
31347.0,30.66
33983.0,36.51
34659.0,38.79
34580.0,40.15
34343.0,39.79
34029.0,38.5
33689.0,36.1
32562.0,32.99
32065.0,32.9
31935.0,33.19
32863.0,33.76
34923.0,36.96
35214.0,41.38
35096.0,41.07
34246.0,36.67
31968.0,32.1
29500.0,30.49
27752.0,24.81
25904.0,18.79
24477.0,15.82
23690.0,15.61
23321.0,13.6
23254.0,13.84
23793.0,15.45
24983.0,16.61
26193.0,15.16
28590.0,17.01
30598.0,20.11
30873.0,18.93
30412.0,17.11
30598.0,18.08
29751.0,16.52
28289.0,15.01
27807.0,15.26
27751.0,16.41
28458.0,19.04
30540.0,27.51
31105.0,29.08
30788.0,29.02
29343.0,23.07
27463.0,21.76
25752.0,19.02
23696.0,18.03
22421.0,13.53
21840.0,15.84
21535.0,15.24
21619.0,15.38
21933.0,14.73
22470.0,14.26
22827.0,14.66
24853.0,16.25
26935.0,16.66
27924.0,19.33
28085.0,16.82
28309.0,15.77
27930.0,16.51
26657.0,16.18
26005.0,16.08
25970.0,16.48
27360.0,18.84
29871.0,24.23
31361.0,28.56
31528.0,27.68
30638.0,25.52
28487.0,22.7
26449.0,28.38
24590.0,19.36
23457.0,16.28
22787.0,14.48
22636.0,14.01
23515.0,16.01
26596.0,19.83
31310.0,32.82
33978.0,38.14
35384.0,38.13
35686.0,37.09
35615.0,34.44
35499.0,30.65
35356.0,29.46
34192.0,26.54
33567.0,26.7
33359.0,28.0
33339.0,29.95
33924.0,38.26
36552.0,49.4
37014.0,48.92
36298.0,40.73
33581.0,34.9
30299.0,27.33
27987.0,34.17
26025.0,24.66
24891.0,22.82
24467.0,19.92
24304.0,21.3
24789.0,23.93
27629.0,34.88
32334.0,43.94
35071.0,48.2
36240.0,51.29
36397.0,48.42
35978.0,46.29
35766.0,43.73
35483.0,41.39
33927.0,40.61
33269.0,41.25
33083.0,43.78
33229.0,49.75
33846.0,68.46
36644.0,67.57
37607.0,65.15
37019.0,62.4
34228.0,50.09
30763.0,43.8
28342.0,44.91
26178.0,42.07
24904.0,37.35
24439.0,34.67
24403.0,34.03
24993.0,34.84
27761.0,44.39
32626.0,48.91
35242.0,55.03
36473.0,57.64
36931.0,56.88
36603.0,53.16
36127.0,49.05
36021.0,47.6
34713.0,44.73
34160.0,44.48
34082.0,44.32
34170.0,46.89
34882.0,53.12
37707.0,59.66
38239.0,57.36
37181.0,51.8
34357.0,46.35
31027.0,43.37
28583.0,36.34
26273.0,32.39
25159.0,32.53
24680.0,27.03
24646.0,26.37
25285.0,28.5
27698.0,39.57
32251.0,49.75
34866.0,54.04
36269.0,56.03
36740.0,59.11
36760.0,53.09
36493.0,49.9
36451.0,47.07
35277.0,47.52
34764.0,46.35
34773.0,46.71
34794.0,48.88
35167.0,56.99
37604.0,64.04
38126.0,59.09
37370.0,55.84
34544.0,48.12
31138.0,43.1
28662.0,38.96
26415.0,34.47
25202.0,33.62
24671.0,30.02
24601.0,29.36
25191.0,34.01
27910.0,38.36
32330.0,49.63
34918.0,54.01
36253.0,54.32
36648.0,54.68
36569.0,52.32
36073.0,50.65
35763.0,49.21
34457.0,48.4
33589.0,45.27
33176.0,44.8
32973.0,48.38
33293.0,55.63
35948.0,60.53
36418.0,61.05
35860.0,58.64
33546.0,50.63
30856.0,43.4
28601.0,42.99
26389.0,40.61
24871.0,37.29
24009.0,35.03
23636.0,33.0
23460.0,32.63
24101.0,34.6
25430.0,37.26
27081.0,41.0
30002.0,42.36
31842.0,43.71
31904.0,42.02
31380.0,42.05
31132.0,42.12
30209.0,41.72
28923.0,39.42
28218.0,38.92
27721.0,41.07
28422.0,47.29
31325.0,51.46
32462.0,52.46
32457.0,49.86
31079.0,43.89
28927.0,39.88
26671.0,39.14
24480.0,30.18
23038.0,23.68
22351.0,18.69
22201.0,17.58
22211.0,20.89
22626.0,19.02
23135.0,17.86
23780.0,21.35
26112.0,32.56
27667.0,34.38
28176.0,34.7
27896.0,33.47
28039.0,35.57
27855.0,34.77
26637.0,30.38
25976.0,27.38
25713.0,31.89
26758.0,44.08
29933.0,54.3
31542.0,62.88
31778.0,63.1
30698.0,54.81
28219.0,48.43
25622.0,48.26
23847.0,41.74
22802.0,39.54
22433.0,38.32
22490.0,37.64
23355.0,39.41
26393.0,43.58
31067.0,54.39
33678.0,58.97
34982.0,61.33
35310.0,60.57
34882.0,58.23
34404.0,52.04
34123.0,48.91
32755.0,46.45
32012.0,41.2
31744.0,40.85
31690.0,43.29
32249.0,54.27
35051.0,57.98
35747.0,59.2
35222.0,54.46
32566.0,44.73
29442.0,40.96
27127.0,37.79
25255.0,34.75
24236.0,28.93
23814.0,25.63
23814.0,25.82
24384.0,30.55
26908.0,35.4
31279.0,41.33
33507.0,46.0
34437.0,48.19
34727.0,49.97
34210.0,44.0
33844.0,44.71
33758.0,42.84
32477.0,41.93
31751.0,41.94
31488.0,41.91
31304.0,43.53
31624.0,50.76
34737.0,57.2
35877.0,59.59
35389.0,54.33
32539.0,46.19
29424.0,42.32
27402.0,36.65
25553.0,29.92
24443.0,28.98
24100.0,25.24
23938.0,24.78
24470.0,27.58
27125.0,32.02
31491.0,40.73
33677.0,44.06
34750.0,47.43
34986.0,46.94
34697.0,44.23
34291.0,41.7
34273.0,38.06
33073.0,35.78
32459.0,32.54
32160.0,36.07
32208.0,41.36
32701.0,53.1
35291.0,58.06
35813.0,51.54
35109.0,47.15
32341.0,40.95
29369.0,38.3
27490.0,32.11
25387.0,29.1
24310.0,24.27
23893.0,19.89
23768.0,17.69
24454.0,20.71
27040.0,31.21
31198.0,35.69
33096.0,43.19
34199.0,43.65
34272.0,43.96
34089.0,39.93
33945.0,39.51
33820.0,36.39
32669.0,34.31
32094.0,34.03
31864.0,34.09
31971.0,39.3
32265.0,47.51
34860.0,60.59
35626.0,54.19
34953.0,42.08
32507.0,39.95
29565.0,36.82
27470.0,32.73
25551.0,30.83
24374.0,30.88
23924.0,28.0
23873.0,28.65
24525.0,29.88
27234.0,34.65
31111.0,39.86
33327.0,45.22
34642.0,42.18
35169.0,42.58
35190.0,38.64
35060.0,37.12
35041.0,33.22
33983.0,32.0
33258.0,30.5
33169.0,29.53
33249.0,31.15
33724.0,33.92
35386.0,46.23
35677.0,45.32
34962.0,39.46
32704.0,30.75
30141.0,24.46
28397.0,13.84
26297.0,13.01
24693.0,11.78
23925.0,11.46
23599.0,11.23
23338.0,10.77
23999.0,11.93
25136.0,11.65
26466.0,13.19
29604.0,13.95
32088.0,15.67
32646.0,14.73
32503.0,13.83
32618.0,14.04
31628.0,15.21
30145.0,13.66
29374.0,11.44
29182.0,13.21
29948.0,15.41
32396.0,21.58
33512.0,21.96
33409.0,22.25
31785.0,17.0
29395.0,14.79
26821.0,14.6
24582.0,11.76
22991.0,10.07
22115.0,9.85
21669.0,9.33
21701.0,9.38
22054.0,9.69
22259.0,10.18
23101.0,12.36
25763.0,12.27
27871.0,15.0
28703.0,14.56
28751.0,13.99
29145.0,13.79
28804.0,13.32
27429.0,12.8
26705.0,12.84
26448.0,13.1
27284.0,15.36
30253.0,22.62
31983.0,25.23
32099.0,27.39
31253.0,21.45
28927.0,17.23
26355.0,20.55
24256.0,15.73
23081.0,13.14
22575.0,12.54
22567.0,12.61
23257.0,14.38
26266.0,21.37
30177.0,29.49
32638.0,34.21
34265.0,34.96
34675.0,36.38
34725.0,31.87
34419.0,31.14
34268.0,30.28
33073.0,29.81
32310.0,26.97
31847.0,28.89
31655.0,29.28
31753.0,39.3
34730.0,55.77
36013.0,52.45
35428.0,47.62
32855.0,41.41
29668.0,33.78
23949.0,32.29
22063.0,27.56
20653.0,25.81
19715.0,26.39
19427.0,26.95
19300.0,28.07
19712.0,33.38
20380.0,41.88
21044.0,50.03
22651.0,52.6
24864.0,48.33
26291.0,43.58
26669.0,41.39
27281.0,41.04
27211.0,38.74
25951.0,37.76
25492.0,35.45
25821.0,36.76
27812.0,42.5
28570.0,49.94
29237.0,50.38
29417.0,47.88
28275.0,39.46
26212.0,32.05
26898.0,31.7
25052.0,27.7
23871.0,23.87
23421.0,22.97
23339.0,23.27
24010.0,25.31
26465.0,29.75
31086.0,33.8
33692.0,39.44
34299.0,40.69
34490.0,39.93
34295.0,37.46
33906.0,35.62
33769.0,34.55
32594.0,29.58
31986.0,27.19
31756.0,25.54
31797.0,28.69
33008.0,35.72
35432.0,45.49
35830.0,45.42
34956.0,38.75
32256.0,36.69
29246.0,33.02
27358.0,28.64
25461.0,28.27
24350.0,27.2
23948.0,26.91
23794.0,26.84
24394.0,27.26
26956.0,31.36
30862.0,34.47
33320.0,41.14
34268.0,42.93
34739.0,41.03
34518.0,37.43
34150.0,36.59
33791.0,34.61
32613.0,31.27
31926.0,29.9
31576.0,29.2
31507.0,31.61
31704.0,38.19
34471.0,49.95
35745.0,49.72
34962.0,45.93
32536.0,44.12
29637.0,36.62
25371.0,33.77
23574.0,31.33
22163.0,28.89
21428.0,27.08
20937.0,26.1
20865.0,26.44
21276.0,28.69
21765.0,32.99
21935.0,44.13
23980.0,43.56
25917.0,41.22
26677.0,33.21
26928.0,28.61
27174.0,25.52
26793.0,21.44
25450.0,20.31
24827.0,19.95
24311.0,20.38
24403.0,22.98
25111.0,30.49
27645.0,32.58
30265.0,31.88
28806.0,24.16
26948.0,21.72
24318.0,19.27
22764.0,16.11
21961.0,12.73
21651.0,13.56
21641.0,12.39
22156.0,13.35
24380.0,15.41
27209.0,16.81
29573.0,18.71
30654.0,19.18
31229.0,19.57
31377.0,18.27
31496.0,17.85
31277.0,18.02
30076.0,18.58
29329.0,18.82
29041.0,16.87
28911.0,18.03
28604.0,19.72
28519.0,25.49
29240.0,34.54
30956.0,34.04
29143.0,28.94
26756.0,20.76
25820.0,27.9
24179.0,21.05
23355.0,18.65
23100.0,18.55
22973.0,18.1
23290.0,18.07
24766.0,17.88
26961.0,18.01
29300.0,19.7
30579.0,19.85
31460.0,18.79
31919.0,19.92
32294.0,19.6
32319.0,19.47
31193.0,19.85
30278.0,18.27
30226.0,17.8
30166.0,19.86
29768.0,18.72
29416.0,32.79
29137.0,41.33
29537.0,37.63
28947.0,38.02
26982.0,23.67
26110.0,31.76
24384.0,27.93
23196.0,22.2
21928.0,22.4
21737.0,21.34
21686.0,22.52
21246.0,32.52
20982.0,39.87
22172.0,46.66
23921.0,51.7
25540.0,53.02
26491.0,43.9
27101.0,35.47
28014.0,36.49
28446.0,33.63
27849.0,33.31
27489.0,28.46
27177.0,32.19
27202.0,35.26
27341.0,42.86
27715.0,49.05
28507.0,46.26
29532.0,35.73
27972.0,33.09
28510.0,30.38
26511.0,29.2
25284.0,26.46
24567.0,25.62
24195.0,27.36
24508.0,29.06
26021.0,30.75
27728.0,39.32
30107.0,43.35
32562.0,46.4
34183.0,43.26
35300.0,41.81
36298.0,39.36
36910.0,38.81
36379.0,36.05
35647.0,34.47
35406.0,34.33
35290.0,37.97
34716.0,48.42
33988.0,63.35
33333.0,61.69
33511.0,60.59
32877.0,44.44
30571.0,37.05
28574.0,35.5
27033.0,32.02
25781.0,28.41
24945.0,27.35
24504.0,27.0
24080.0,26.98
24346.0,30.1
24778.0,31.35
25539.0,36.99
27761.0,37.52
29739.0,37.58
30841.0,34.39
31730.0,31.3
32629.0,30.02
32459.0,29.15
31945.0,24.26
31432.0,21.7
31215.0,22.71
30878.0,26.97
30583.0,35.44
30935.0,40.0
32496.0,38.57
30537.0,30.96
28758.0,27.19
23231.0,28.0
22068.0,23.96
21299.0,21.22
21059.0,20.55
21011.0,19.5
21574.0,20.61
24148.0,26.89
27938.0,31.48
29584.0,33.24
30357.0,34.19
30855.0,32.06
31290.0,27.84
31716.0,27.72
31802.0,27.21
31056.0,26.46
30630.0,27.11
30565.0,28.07
30735.0,30.99
30468.0,33.39
30773.0,44.13
33081.0,50.18
32369.0,44.64
29065.0,38.34
26628.0,36.08
24377.0,36.75
23074.0,34.57
22262.0,32.61
21942.0,29.19
21900.0,28.71
22474.0,32.66
24660.0,37.94
28064.0,42.2
29810.0,49.27
30724.0,48.24
31098.0,43.0
31244.0,40.08
31466.0,39.29
31280.0,39.48
30323.0,39.27
29690.0,37.35
29542.0,36.08
29898.0,36.89
31985.0,42.18
32828.0,46.84
32775.0,49.46
31589.0,45.02
28832.0,39.98
26265.0,40.48
27560.0,35.7
25536.0,33.04
24031.0,33.49
23342.0,31.59
22898.0,30.57
22876.0,31.85
23465.0,32.91
24921.0,33.28
26560.0,35.88
29066.0,37.29
30938.0,36.3
31192.0,35.68
30874.0,35.0
30930.0,34.69
30147.0,34.76
29119.0,33.04
28339.0,31.92
28751.0,35.3
30977.0,42.37
31397.0,46.96
31615.0,45.06
31497.0,42.43
29952.0,38.37
27742.0,37.37
26257.0,34.57
24111.0,31.18
22677.0,30.54
21866.0,29.44
21562.0,29.65
21570.0,29.59
22028.0,29.33
22129.0,29.57
23100.0,29.64
25249.0,30.18
26806.0,30.49
27229.0,30.22
27012.0,31.12
27030.0,31.76
26841.0,32.2
25746.0,31.1
25198.0,28.36
24823.0,30.26
25390.0,36.51
28439.0,42.66
31354.0,43.96
31713.0,43.77
30660.0,38.83
28143.0,34.93
25521.0,35.47
23820.0,31.72
23004.0,28.75
22679.0,29.41
22711.0,29.33
23571.0,32.65
26765.0,50.82
30702.0,43.06
33978.0,48.31
35175.0,48.39
35686.0,47.96
35554.0,47.67
35175.0,46.62
34848.0,46.54
33554.0,46.04
32847.0,45.59
32461.0,45.84
32304.0,46.36
32381.0,48.29
34779.0,61.92
36647.0,69.59
35831.0,63.91
33213.0,48.39
30033.0,44.56
27590.0,47.44
25723.0,44.59
24547.0,41.54
24061.0,39.68
23881.0,39.72
24629.0,42.23
27362.0,45.76
31185.0,50.43
34195.0,54.85
35461.0,56.1
36004.0,55.09
35835.0,53.69
35346.0,51.85
35069.0,49.47
33672.0,49.08
33064.0,47.43
32648.0,46.9
32472.0,47.24
32492.0,48.62
34806.0,55.63
36715.0,60.84
35766.0,57.11
33309.0,48.96
30298.0,45.57
27813.0,44.66
25730.0,39.64
24544.0,36.47
24051.0,34.34
23890.0,34.14
24674.0,34.15
27269.0,37.17
30702.0,42.47
33725.0,46.01
34879.0,46.8
35128.0,44.99
34766.0,42.9
34479.0,41.89
34096.0,41.86
32423.0,41.18
31593.0,39.54
31842.0,39.48
31788.0,40.15
32079.0,44.3
34592.0,51.77
36557.0,53.69
35548.0,54.18
33100.0,47.37
30211.0,44.55
27914.0,45.86
25932.0,44.31
24890.0,41.62
24286.0,39.95
24185.0,39.65
24798.0,41.32
27327.0,45.52
30870.0,48.07
33790.0,51.3
35064.0,52.31
35316.0,51.89
34852.0,50.15
34131.0,49.94
33780.0,50.29
32761.0,49.49
32080.0,48.25
31885.0,47.45
31947.0,48.45
32152.0,50.48
34453.0,57.05
36274.0,58.73
35576.0,56.0
33090.0,49.08
30130.0,47.33
27826.0,48.2
25690.0,45.53
24556.0,42.44
24053.0,41.19
23957.0,41.12
24501.0,42.47
26925.0,46.88
30360.0,50.86
33044.0,54.7
34632.0,57.03
35274.0,56.88
35067.0,55.39
34552.0,53.83
34180.0,53.23
32920.0,52.18
32112.0,51.83
31791.0,51.2
31696.0,51.67
31801.0,50.13
33489.0,53.69
34998.0,55.95
34169.0,54.87
31901.0,52.68
29399.0,49.97
27415.0,46.07
25353.0,43.76
23974.0,41.23
23273.0,39.82
22833.0,38.45
22710.0,38.46
23255.0,38.43
23733.0,38.57
25546.0,41.42
28405.0,44.82
30205.0,46.94
30651.0,45.77
30495.0,45.63
30396.0,45.87
29288.0,44.55
27848.0,42.87
27166.0,41.52
26803.0,43.23
27212.0,45.33
29407.0,50.05
31215.0,53.45
31058.0,54.52
29782.0,49.13
27812.0,46.7
25773.0,44.38
23765.0,41.28
22261.0,39.23
21482.0,38.5
21050.0,38.25
21165.0,38.97
21507.0,38.93
21347.0,38.85
22435.0,38.7
24817.0,39.88
26423.0,41.8
26998.0,41.57
26855.0,41.17
27161.0,41.72
26968.0,40.78
25864.0,39.95
25317.0,39.09
24919.0,38.87
25457.0,40.64
27686.0,50.56
30348.0,56.87
30600.0,56.23
29914.0,50.17
27713.0,46.56
25365.0,45.24
23664.0,40.3
22520.0,37.17
21947.0,36.45
21775.0,36.07
22564.0,36.27
25148.0,39.7
27954.0,45.72
30983.0,47.35
33108.0,47.84
34184.0,46.75
34220.0,46.75
34168.0,46.81
34114.0,46.85
32976.0,45.84
31838.0,44.87
31779.0,43.87
31739.0,43.59
31636.0,44.59
33435.0,50.46
35206.0,50.41
34487.0,50.02
31868.0,43.8
28772.0,40.17
26617.0,39.24
24779.0,36.23
23606.0,35.9
23069.0,35.45
22884.0,33.59
23361.0,35.64
25539.0,40.13
28041.0,44.69
31016.0,46.62
33263.0,46.63
34163.0,45.29
34228.0,45.73
33808.0,45.7
33507.0,45.32
32493.0,44.81
31601.0,43.18
31105.0,42.95
30957.0,42.86
30899.0,45.88
32527.0,51.78
34479.0,49.28
33998.0,45.92
31678.0,43.94
28969.0,40.74
26750.0,36.9
24650.0,34.67
23540.0,32.0
23097.0,30.1
22976.0,29.92
23567.0,32.2
25584.0,36.77
27954.0,41.99
30848.0,44.25
32728.0,42.82
33353.0,41.4
33055.0,40.11
32731.0,39.43
32358.0,38.05
31279.0,35.34
30407.0,33.25
30099.0,33.7
29824.0,37.54
29661.0,42.98
31335.0,50.08
33277.0,47.23
32811.0,44.33
30902.0,41.57
28535.0,38.38
26502.0,33.13
24365.0,31.81
23027.0,30.51
22214.0,29.78
21920.0,30.34
21990.0,31.31
22744.0,34.22
23235.0,38.38
24741.0,41.84
26435.0,41.3
27526.0,40.73
27646.0,39.76
27281.0,37.92
27188.0,36.67
26473.0,36.26
25302.0,35.47
24598.0,37.65
24341.0,41.58
24549.0,44.03
26662.0,47.23
29181.0,44.71
28979.0,43.08
28067.0,41.81
26224.0,37.97
24343.0,40.6
22610.0,35.1
21306.0,33.06
20725.0,33.58
20408.0,33.2
20581.0,33.73
20963.0,36.94
20844.0,38.68
21698.0,39.65
23531.0,38.25
24832.0,38.66
25085.0,39.96
24867.0,39.1
24972.0,38.5
24631.0,38.07
23850.0,36.44
23267.0,35.86
23028.0,39.54
23320.0,40.88
25047.0,45.16
27405.0,43.41
27478.0,43.36
26959.0,41.36
25339.0,39.03
23729.0,41.88
22029.0,37.14
21010.0,35.12
20334.0,34.09
20069.0,34.15
20216.0,33.65
20794.0,32.98
21047.0,34.39
22563.0,35.68
24998.0,34.53
26480.0,32.65
26706.0,29.98
26293.0,29.89
26553.0,28.88
26308.0,27.18
25282.0,25.83
24725.0,25.61
24502.0,25.67
24710.0,30.89
26591.0,32.16
29034.0,31.05
29266.0,32.38
27943.0,29.43
26066.0,27.3
24021.0,28.52
22285.0,19.96
20967.0,20.85
20421.0,18.78
20152.0,17.91
20318.0,17.4
20763.0,20.74
20681.0,22.54
22051.0,23.8
23665.0,26.75
24571.0,25.2
24842.0,22.81
24694.0,22.21
24493.0,20.03
23640.0,17.11
23016.0,15.85
22441.0,16.37
22270.0,27.63
23048.0,31.45
25821.0,36.94
28436.0,37.22
27625.0,34.76
26076.0,28.2
24108.0,24.68
22203.0,20.88
20958.0,19.91
20453.0,18.48
20011.0,17.35
20431.0,18.68
22113.0,18.37
24179.0,20.77
25468.0,27.14
27259.0,26.17
28646.0,27.77
29211.0,24.99
29171.0,24.34
29078.0,25.09
28327.0,23.85
27097.0,19.98
26425.0,18.36
26210.0,21.66
26236.0,27.16
26538.0,32.45
28586.0,41.99
31114.0,39.55
29219.0,37.59
26890.0,30.03
24990.0,32.93
23292.0,29.09
22112.0,24.58
21577.0,23.94
21480.0,23.64
22172.0,24.81
24833.0,35.18
28578.0,42.71
30707.0,45.95
32249.0,42.66
32935.0,41.55
32787.0,40.53
32586.0,40.45
32094.0,40.65
31084.0,40.95
30098.0,39.89
29714.0,39.1
29483.0,38.56
28996.0,40.44
28965.0,46.96
30772.0,63.1
33009.0,62.71
30473.0,55.32
28100.0,42.8
26100.0,39.33
24370.0,36.11
23186.0,31.86
22628.0,29.51
22539.0,29.38
23052.0,32.78
25185.0,37.52
28885.0,38.92
30672.0,47.64
31975.0,46.11
32382.0,44.43
32362.0,42.68
32254.0,40.54
31854.0,40.3
30610.0,38.51
29781.0,36.04
29462.0,35.15
29262.0,38.42
28847.0,42.32
28922.0,48.15
30681.0,48.09
32682.0,45.11
30406.0,41.48
27911.0,37.5
26014.0,31.07
24257.0,29.45
23180.0,28.41
22788.0,27.79
22605.0,25.75
23173.0,26.13
25421.0,29.11
29171.0,33.08
31195.0,38.44
32403.0,35.75
33115.0,33.01
33288.0,31.79
33179.0,31.68
32834.0,30.52
31426.0,30.31
30683.0,27.84
30395.0,26.87
30255.0,27.49
29719.0,29.8
29762.0,35.6
31416.0,43.11
33382.0,37.06
30962.0,37.16
28509.0,33.55
23871.0,31.87
21905.0,28.96
20644.0,29.19
20147.0,28.56
20076.0,28.87
20729.0,29.48
22793.0,37.32
25826.0,41.95
28432.0,46.29
30454.0,46.99
31647.0,44.77
31810.0,45.18
31823.0,43.71
32061.0,42.89
31323.0,42.0
30518.0,42.0
30153.0,40.94
30626.0,41.05
31875.0,42.08
32145.0,44.92
32193.0,50.77
31950.0,58.12
30061.0,48.06
27402.0,44.04
27129.0,41.41
25169.0,38.82
24046.0,37.62
23493.0,37.44
23365.0,36.41
24081.0,36.78
26593.0,37.15
31106.0,37.28
33653.0,35.07
34452.0,37.36
34658.0,38.67
34244.0,36.06
33936.0,35.26
33689.0,36.41
32523.0,33.18
31922.0,29.71
31741.0,28.12
31769.0,28.39
33078.0,31.27
35536.0,36.13
35934.0,38.61
35173.0,39.14
32650.0,36.05
29646.0,32.15
27486.0,28.27
25718.0,27.12
24532.0,24.18
24094.0,21.9
24021.0,19.07
24599.0,18.98
27232.0,20.78
31238.0,21.48
33630.0,20.98
34465.0,25.86
34846.0,24.2
34878.0,26.22
34510.0,24.43
34168.0,22.25
32937.0,18.48
32148.0,16.95
31777.0,13.62
31805.0,15.14
32004.0,16.86
34480.0,20.07
35306.0,29.7
34427.0,34.06
32405.0,32.64
29827.0,27.93
24756.0,28.55
22986.0,28.1
22168.0,27.74
21713.0,27.11
21685.0,26.48
22525.0,27.56
25388.0,31.87
29217.0,38.41
31378.0,41.91
32952.0,43.12
33999.0,41.12
34190.0,39.63
34481.0,38.06
34113.0,37.84
32881.0,37.87
32076.0,38.2
31741.0,35.33
31706.0,37.07
31612.0,38.63
31712.0,41.4
33061.0,46.09
34181.0,46.92
31338.0,39.15
28650.0,34.55
25117.0,29.05
23665.0,25.64
22692.0,21.87
22281.0,18.83
22198.0,18.71
22701.0,18.6
24784.0,23.25
27249.0,28.0
29388.0,31.15
30576.0,34.04
31008.0,34.04
31256.0,32.61
31581.0,32.53
31431.0,34.33
30373.0,32.22
29655.0,31.2
29397.0,29.65
29304.0,30.06
28938.0,29.89
28900.0,32.85
29648.0,39.58
31127.0,37.9
29185.0,33.9
26783.0,31.38
25715.0,31.87
24117.0,29.2
23070.0,27.32
22502.0,26.63
22108.0,26.82
21825.0,27.77
21757.0,34.29
22234.0,40.39
24020.0,46.86
26364.0,48.58
27957.0,44.56
28364.0,42.19
28346.0,39.35
28475.0,39.71
27726.0,39.47
26400.0,37.59
25420.0,34.29
25313.0,32.91
25257.0,33.41
25388.0,36.71
25883.0,40.33
26645.0,41.56
26949.0,42.21
25321.0,40.89
26198.0,31.96
24497.0,27.71
23321.0,24.81
22831.0,22.4
22901.0,22.12
23414.0,25.84
25075.0,32.06
27414.0,35.11
29980.0,40.37
32326.0,39.44
33658.0,38.02
34367.0,36.96
35035.0,34.74
35586.0,33.48
35003.0,33.13
34508.0,31.12
34416.0,30.46
34452.0,30.08
33730.0,29.95
33076.0,31.94
32479.0,38.2
32148.0,41.05
31693.0,36.03
29512.0,32.88
28595.0,28.19
26781.0,28.49
25399.0,24.78
24573.0,23.11
24225.0,22.36
24469.0,23.5
25766.0,27.71
27392.0,29.68
29805.0,34.38
32196.0,34.94
33852.0,33.26
35088.0,31.18
35968.0,30.71
36619.0,29.35
36161.0,29.14
35424.0,27.95
35254.0,25.59
35192.0,24.67
34658.0,26.49
33977.0,29.96
33431.0,36.61
33644.0,42.08
33172.0,36.58
30976.0,34.64
27229.0,26.64
25559.0,23.34
24191.0,24.84
23432.0,22.07
22930.0,21.58
22593.0,20.49
22712.0,22.33
22640.0,24.74
22684.0,25.92
24301.0,28.22
26007.0,27.95
27427.0,27.54
28557.0,26.32
29763.0,26.06
30459.0,25.11
30201.0,22.3
29848.0,21.69
29619.0,21.57
29537.0,23.12
29480.0,24.71
30322.0,32.66
32627.0,39.73
32024.0,35.57
30059.0,29.36
25205.0,23.73
23916.0,18.75
23075.0,18.75
22755.0,16.87
22757.0,15.69
23126.0,15.46
25203.0,15.06
28871.0,15.21
30261.0,15.41
31092.0,16.48
31614.0,16.42
31953.0,19.55
32514.0,19.77
32779.0,18.87
31643.0,19.12
31120.0,16.4
31118.0,13.29
31207.0,12.31
30938.0,14.14
31274.0,16.96
33708.0,22.82
32868.0,33.38
29659.0,29.81
27006.0,22.55
24692.0,19.76
23395.0,18.23
22543.0,17.22
22065.0,17.18
22095.0,16.96
22707.0,18.43
24953.0,20.79
28452.0,26.43
30567.0,31.43
31673.0,37.35
32204.0,33.43
32524.0,31.3
32750.0,29.7
32690.0,30.4
31538.0,28.37
30706.0,24.97
30368.0,24.26
30660.0,24.88
32244.0,26.33
32759.0,28.74
32438.0,36.92
31221.0,43.03
28816.0,36.41
26639.0,27.98
25515.0,28.47
23612.0,27.52
22286.0,23.24
21491.0,22.01
21081.0,21.65
21141.0,23.87
21508.0,28.43
22172.0,33.23
22778.0,41.23
24761.0,41.64
26971.0,36.32
28211.0,33.9
28566.0,31.01
29086.0,30.54
28877.0,29.9
27448.0,28.84
26640.0,26.18
26999.0,29.63
29018.0,28.8
29824.0,29.82
30491.0,35.6
30680.0,43.02
29466.0,37.05
27078.0,30.45
26527.0,28.6
24664.0,26.54
23634.0,25.85
23230.0,24.47
23232.0,24.39
23614.0,25.14
25959.0,27.53
29503.0,29.18
31574.0,36.55
32798.0,37.54
33130.0,33.72
33125.0,32.8
33248.0,31.54
32869.0,31.18
31680.0,30.08
30972.0,28.73
30593.0,28.1
30483.0,28.55
29924.0,29.53
29982.0,33.41
31204.0,40.42
32812.0,42.99
30285.0,40.45
28206.0,31.51
26311.0,31.46
24490.0,28.36
23503.0,27.25
23160.0,25.54
22972.0,25.09
23516.0,24.93
25982.0,28.33
29229.0,30.65
31382.0,36.72
32447.0,36.83
32850.0,36.25
32865.0,36.01
32911.0,34.81
32685.0,34.21
31538.0,32.99
30867.0,31.68
30557.0,31.22
30297.0,31.82
29931.0,35.31
29855.0,38.29
30963.0,41.52
32983.0,41.86
30629.0,38.13
28126.0,34.88
26235.0,30.98
24614.0,28.53
23458.0,27.41
22989.0,27.34
22872.0,27.22
23264.0,28.08
25688.0,33.17
28854.0,39.64
30881.0,43.25
32030.0,42.19
32387.0,39.48
32659.0,37.68
32760.0,35.19
32388.0,34.02
31074.0,31.65
30293.0,29.37
30086.0,28.46
29721.0,28.56
29451.0,30.52
29404.0,31.49
30436.0,36.38
32166.0,35.98
29951.0,33.69
27891.0,32.36
26314.0,28.43
24569.0,27.24
23310.0,25.21
22638.0,23.56
22363.0,24.14
22137.0,23.65
22682.0,25.89
23314.0,25.42
24756.0,26.75
27168.0,27.51
28643.0,26.82
29022.0,26.66
29059.0,25.9
28919.0,23.24
28235.0,22.31
26796.0,21.45
25866.0,19.85
25619.0,22.17
25306.0,25.57
25610.0,27.68
26769.0,32.12
29151.0,32.18
27931.0,31.81
26149.0,28.22
24490.0,27.79
22886.0,25.43
21645.0,24.04
20907.0,23.03
20579.0,22.91
20529.0,22.39
20882.0,22.63
20911.0,22.47
21458.0,25.78
23424.0,27.81
25036.0,28.47
25858.0,28.18
25928.0,27.71
25955.0,26.64
25719.0,25.58
24361.0,23.61
23687.0,22.6
23281.0,26.77
23425.0,29.67
24041.0,31.28
25699.0,37.61
28781.0,51.88
28146.0,40.99
26377.0,36.3
24375.0,31.61
22751.0,28.71
21930.0,27.24
21530.0,26.99
21471.0,26.73
22197.0,29.44
25147.0,36.3
28434.0,43.71
30347.0,49.95
31631.0,49.82
31969.0,41.6
32266.0,39.91
32327.0,36.4
32022.0,35.5
30859.0,32.88
30175.0,29.89
29857.0,28.82
29505.0,29.23
29141.0,31.52
29271.0,33.35
30414.0,37.62
32351.0,39.96
30026.0,35.81
27547.0,30.61
25927.0,18.73
24483.0,15.18
23667.0,12.4
23235.0,12.55
23076.0,12.79
23528.0,14.49
25840.0,18.44
28757.0,30.75
30893.0,43.69
31856.0,44.27
32532.0,39.22
32753.0,36.68
33135.0,32.9
32962.0,31.27
31763.0,31.09
31066.0,27.0
30683.0,26.43
30686.0,27.83
30411.0,30.28
30327.0,32.17
31430.0,36.46
32965.0,39.95
30289.0,37.42
27726.0,32.55
26025.0,29.46
24399.0,27.7
23380.0,26.41
23151.0,25.59
23169.0,26.76
23545.0,27.62
25875.0,32.95
29120.0,37.55
31547.0,44.94
32612.0,52.4
33081.0,52.05
33126.0,48.47
33381.0,44.66
33036.0,39.9
31859.0,35.58
31050.0,34.07
30839.0,33.22
30553.0,34.16
30183.0,36.26
30305.0,41.44
31484.0,42.73
32949.0,56.03
30577.0,37.85
27875.0,32.97
26102.0,30.56
24524.0,28.69
23425.0,27.41
22956.0,26.65
22793.0,26.93
23374.0,28.34
25733.0,36.75
28761.0,41.93
30986.0,44.44
32167.0,41.37
32661.0,39.96
32582.0,38.74
32534.0,39.39
32250.0,39.86
30916.0,39.39
30246.0,38.09
29882.0,36.16
29731.0,38.57
29481.0,39.86
29477.0,42.01
30594.0,53.48
32603.0,67.5
30507.0,55.04
27939.0,40.11
26304.0,44.95
24481.0,38.07
23424.0,31.71
23017.0,30.94
22907.0,30.65
23361.0,30.88
25607.0,39.26
28706.0,45.88
30825.0,51.4
31835.0,55.34
32366.0,54.62
32366.0,52.53
32415.0,50.36
32029.0,48.29
30769.0,46.19
29862.0,44.05
29410.0,42.25
29074.0,41.28
28697.0,41.62
28695.0,44.21
29242.0,48.22
30948.0,53.11
29243.0,46.96
27276.0,40.27
25708.0,35.83
24026.0,30.62
22723.0,29.47
22083.0,28.81
21588.0,28.9
21354.0,28.84
21805.0,28.9
22373.0,29.11
23961.0,31.66
26365.0,34.63
27937.0,32.8
28136.0,33.05
28031.0,30.41
27873.0,28.6
27204.0,28.28
25810.0,25.75
25070.0,25.11
24648.0,26.47
24573.0,28.14
24822.0,29.31
25733.0,34.27
27995.0,34.64
26954.0,33.74
25262.0,31.05
23549.0,25.02
21933.0,23.86
20719.0,20.26
20173.0,18.48
19879.0,15.75
19831.0,15.96
20211.0,16.29
20086.0,15.45
20973.0,17.64
22850.0,19.53
24393.0,20.99
25108.0,21.85
25051.0,20.6
25126.0,20.94
24791.0,19.92
23634.0,18.5
22932.0,16.74
22500.0,14.15
22542.0,14.62
23183.0,18.99
24878.0,23.88
27751.0,34.47
27288.0,32.59
25494.0,26.83
23577.0,28.62
21486.0,22.95
27283.0,18.56
20819.0,17.3
20754.0,17.94
24302.0,36.49
29554.0,43.82
30688.0,40.67
31325.0,39.82
31365.0,40.31
31591.0,38.09
31346.0,38.32
30127.0,38.38
29321.0,34.55
28969.0,32.5
28749.0,34.49
28370.0,37.62
28371.0,40.51
29225.0,42.47
31469.0,50.33
29533.0,42.87
26791.0,38.1
25089.0,30.81
23466.0,30.32
22578.0,29.05
22332.0,28.11
22287.0,28.56
22702.0,31.3
24983.0,38.24
27889.0,40.88
30166.0,45.12
31069.0,48.98
31482.0,46.6
31444.0,43.31
31593.0,42.65
31387.0,41.62
30247.0,40.85
29533.0,35.43
29250.0,32.18
29185.0,32.16
28765.0,37.07
28845.0,39.91
29787.0,39.98
31749.0,42.67
29650.0,40.62
26965.0,36.55
25192.0,37.87
23677.0,34.21
22706.0,31.33
22472.0,29.26
22404.0,29.27
22820.0,31.01
25064.0,38.49
27935.0,43.28
30136.0,48.13
31169.0,50.05
31600.0,46.81
31756.0,44.97
31999.0,43.07
31723.0,41.98
30591.0,41.38
29951.0,37.61
29677.0,35.02
29482.0,38.26
29218.0,40.41
29568.0,41.56
30691.0,44.75
32114.0,50.1
29951.0,47.48
27363.0,40.7
25555.0,37.11
24021.0,33.52
23076.0,32.25
22625.0,30.53
22485.0,30.66
22804.0,32.69
25110.0,39.18
27868.0,42.52
30070.0,46.14
31174.0,46.46
31753.0,45.99
32004.0,46.1
31984.0,43.62
31768.0,43.78
30526.0,36.05
29729.0,35.23
29497.0,34.37
29485.0,37.9
29230.0,42.52
29204.0,43.76
29928.0,46.04
31580.0,47.29
29679.0,43.06
27243.0,38.02
25434.0,33.75
23819.0,33.03
22863.0,31.55
22488.0,30.24
22381.0,30.07
22810.0,31.32
24941.0,35.13
27650.0,37.87
30013.0,42.83
31402.0,44.75
31895.0,44.32
31976.0,43.54
32143.0,43.01
31759.0,42.95
30464.0,43.96
29516.0,43.03
29097.0,42.0
28870.0,41.52
28426.0,39.44
28563.0,41.38
29222.0,42.42
30937.0,44.81
29498.0,43.18
27237.0,39.18
25562.0,40.24
23912.0,37.38
22613.0,36.83
21759.0,32.87
21366.0,32.08
21294.0,32.15
21656.0,32.17
22115.0,33.07
23936.0,34.61
26277.0,35.93
27874.0,33.78
28197.0,32.3
28001.0,30.08
27953.0,29.91
27235.0,29.83
25901.0,29.34
25098.0,29.19
24775.0,28.05
24562.0,28.5
24748.0,30.77
25507.0,34.37
27917.0,36.83
27078.0,35.47
25420.0,33.01
25284.0,28.59
23258.0,24.7
21835.0,21.72
21179.0,21.69
21208.0,22.48
21641.0,22.6
23465.0,21.82
26278.0,22.34
28864.0,23.45
30818.0,23.24
31916.0,21.52
31908.0,22.02
31580.0,22.34
31643.0,22.98
30576.0,24.98
29562.0,22.34
29291.0,20.19
29377.0,19.43
30406.0,18.68
30421.0,20.67
30300.0,23.57
30050.0,30.06
28663.0,28.47
26903.0,26.74
27410.0,31.03
25329.0,27.06
24096.0,25.6
23697.0,24.65
23566.0,24.59
24142.0,25.8
26712.0,30.27
31489.0,29.1
34151.0,35.22
35044.0,35.99
35329.0,37.78
34861.0,38.15
34225.0,37.84
34003.0,37.51
32679.0,36.57
31850.0,34.97
31460.0,36.56
31501.0,37.79
32626.0,38.56
34860.0,36.95
34955.0,40.58
34286.0,41.89
32080.0,37.56
29474.0,31.02
27791.0,32.94
25744.0,28.53
24176.0,27.01
23377.0,25.97
23055.0,25.57
23013.0,26.08
23527.0,28.25
24469.0,34.85
26140.0,38.54
28953.0,35.25
30734.0,35.36
30986.0,37.62
30570.0,39.38
30490.0,37.95
29724.0,38.54
28317.0,35.89
27562.0,36.07
27193.0,35.96
27720.0,36.3
30486.0,39.32
31837.0,39.95
31828.0,40.41
30562.0,39.81
28423.0,36.69
26713.0,32.79
24828.0,30.21
23683.0,29.81
23113.0,29.67
22948.0,30.23
23520.0,31.7
26018.0,39.37
30271.0,42.52
32518.0,43.97
33697.0,39.91
34306.0,39.77
34457.0,40.44
34455.0,41.56
34069.0,41.77
32636.0,42.03
32024.0,40.65
31648.0,40.61
31617.0,42.73
31205.0,40.99
31346.0,40.94
32998.0,45.49
34393.0,52.19
31495.0,43.86
28912.0,40.1
25075.0,41.05
23546.0,39.32
22659.0,35.67
22229.0,33.73
22134.0,33.82
22567.0,35.97
24685.0,41.03
27200.0,42.53
29399.0,44.15
30564.0,46.74
31124.0,48.4
31336.0,48.32
31591.0,48.82
31510.0,48.68
30405.0,48.46
29740.0,47.16
29546.0,46.6
29410.0,46.3
29100.0,43.36
29064.0,43.3
29988.0,44.83
31447.0,47.84
29461.0,43.82
26833.0,43.66
23767.0,43.8
22482.0,41.38
21293.0,40.9
20692.0,39.72
20335.0,39.41
20256.0,39.98
20000.0,41.8
19923.0,42.77
20965.0,45.05
22652.0,45.91
24209.0,45.64
25037.0,46.28
25224.0,46.43
25662.0,46.43
25400.0,46.08
24231.0,43.46
23615.0,42.35
23376.0,41.95
23423.0,42.79
23826.0,41.83
24602.0,42.7
26280.0,44.89
27528.0,43.5
25766.0,41.94
28009.0,36.83
26448.0,30.44
25276.0,26.74
24849.0,27.49
24552.0,28.47
24808.0,29.29
26212.0,28.82
28302.0,28.35
30719.0,30.08
33029.0,32.54
34416.0,34.48
35202.0,31.06
36025.0,30.23
36461.0,27.12
35838.0,26.64
35286.0,24.99
35195.0,25.97
35116.0,24.81
34593.0,26.49
34014.0,30.0
33416.0,28.76
32951.0,29.52
32301.0,29.49
30159.0,26.7
29021.0,16.69
27100.0,15.55
25699.0,15.46
24949.0,16.65
24581.0,15.17
24773.0,14.42
26036.0,14.2
27599.0,14.21
29974.0,17.04
31966.0,17.64
33408.0,15.88
34174.0,14.91
34966.0,13.97
35224.0,14.67
34386.0,14.53
33563.0,13.63
33262.0,12.22
33137.0,13.34
32747.0,15.26
32222.0,17.11
31681.0,16.98
31896.0,21.87
31054.0,20.98
29115.0,20.2
28021.0,24.18
26127.0,20.22
24914.0,19.41
24273.0,17.78
23848.0,19.36
24421.0,20.46
26647.0,26.13
29340.0,36.96
31349.0,41.01
33705.0,40.02
35620.0,39.98
37045.0,39.18
38301.0,39.87
39359.0,40.69
39094.0,38.23
38821.0,34.61
38920.0,32.0
38918.0,32.97
38188.0,35.49
37153.0,38.11
36927.0,41.44
37930.0,45.3
35333.0,41.13
32409.0,31.92
25635.0,32.78
24253.0,31.04
23443.0,30.25
23063.0,30.2
23031.0,32.05
23390.0,32.09
25413.0,37.75
29029.0,39.56
30504.0,45.36
31185.0,45.74
31685.0,43.84
32012.0,47.57
32571.0,44.06
32591.0,44.6
31529.0,41.3
26870.0,37.17
30974.0,36.22
31105.0,37.95
30720.0,39.95
31165.0,40.45
33427.0,41.8
32624.0,48.58
29469.0,44.41
25183.0,30.64
23755.0,29.13
22604.0,27.35
22083.0,24.77
21946.0,23.99
21789.0,25.71
22222.0,30.16
23068.0,32.09
24236.0,42.98
26565.0,44.09
28282.0,41.31
28736.0,40.83
28695.0,40.89
28865.0,40.27
28034.0,40.28
26615.0,37.57
25757.0,36.78
25853.0,38.91
27644.0,38.85
28543.0,40.48
28618.0,47.89
28180.0,51.49
26468.0,45.68
24629.0,38.05
24546.0,31.67
22859.0,25.86
21955.0,23.27
21452.0,22.2
21341.0,20.88
22079.0,21.55
24665.0,24.62
28722.0,30.3
31087.0,34.6
32562.0,39.65
33183.0,39.04
33099.0,40.18
32656.0,39.0
32582.0,38.57
31599.0,35.9
30959.0,34.48
30862.0,33.0
31560.0,33.07
33278.0,33.58
33479.0,32.83
33281.0,40.06
32736.0,42.88
30683.0,40.47
28049.0,31.47
25420.0,31.3
23772.0,28.93
22671.0,24.52
22209.0,21.76
22066.0,20.21
22491.0,20.14
24392.0,22.82
27071.0,30.94
29736.0,34.08
31045.0,36.29
31627.0,35.98
31895.0,35.06
31964.0,34.8
31867.0,32.02
30731.0,30.21
29773.0,24.28
29490.0,19.65
29099.0,19.4
28834.0,20.16
28620.0,25.97
28963.0,32.3
30357.0,35.47
29323.0,35.0
27072.0,32.05
25340.0,20.07
23620.0,19.12
22348.0,19.59
21698.0,19.11
21372.0,17.76
21228.0,18.17
21475.0,19.09
21839.0,19.5
23737.0,20.46
26158.0,19.21
27710.0,19.27
27769.0,22.12
27755.0,21.19
27748.0,20.64
26966.0,20.7
25745.0,20.03
25152.0,18.33
24694.0,21.27
24630.0,19.71
24918.0,20.5
25517.0,23.73
27285.0,27.95
26800.0,27.9
25134.0,21.97
23450.0,24.48
21811.0,23.5
20601.0,22.61
19958.0,22.85
19411.0,22.12
19380.0,23.47
19473.0,21.06
19239.0,20.84
20538.0,21.78
22249.0,20.72
23797.0,19.58
24363.0,19.14
24406.0,20.63
24468.0,19.86
24179.0,16.22
23116.0,15.72
22275.0,15.38
21946.0,15.7
22062.0,19.48
22484.0,19.22
23498.0,25.64
25875.0,34.2
26479.0,33.21
24703.0,25.1
22746.0,33.85
21270.0,29.75
20514.0,29.05
20068.0,28.9
20002.0,28.24
20484.0,30.16
22162.0,31.76
24121.0,31.64
26291.0,36.88
27541.0,35.78
28016.0,34.51
28470.0,34.96
28706.0,35.07
28808.0,34.56
27830.0,33.96
26975.0,32.3
26637.0,29.8
26444.0,29.6
26375.0,33.25
26459.0,36.57
27337.0,38.23
29161.0,41.35
28444.0,41.77
25902.0,37.12
24158.0,39.34
22638.0,33.49
21792.0,32.29
21439.0,32.2
21353.0,32.08
21860.0,33.12
23739.0,39.93
26114.0,45.13
28406.0,48.02
29668.0,45.05
30340.0,44.35
30682.0,44.22
30925.0,44.32
30784.0,43.56
29577.0,42.33
28822.0,41.27
28664.0,39.62
28504.0,40.04
28208.0,42.28
28311.0,44.2
28901.0,45.77
30147.0,47.61
29018.0,44.97
26425.0,38.96
24887.0,41.35
23363.0,36.82
22444.0,33.27
22182.0,32.12
22081.0,32.35
22535.0,33.85
24322.0,38.96
26822.0,43.82
29270.0,49.2
30379.0,45.64
30943.0,44.18
31257.0,45.17
31581.0,43.65
31587.0,41.22
30419.0,39.79
29826.0,38.36
29682.0,38.22
29782.0,38.87
29396.0,39.66
29277.0,38.06
29812.0,44.74
30656.0,44.74
29290.0,43.5
26691.0,39.35
25125.0,32.9
23572.0,30.71
22687.0,31.31
22295.0,30.88
22182.0,30.97
22735.0,32.2
24388.0,39.26
26850.0,44.76
29112.0,48.24
30203.0,46.0
30737.0,43.82
31044.0,43.28
31298.0,44.79
31302.0,45.61
30250.0,42.48
29609.0,40.57
29498.0,39.07
29496.0,39.57
29152.0,42.31
29031.0,43.46
29317.0,45.0
30318.0,43.79
29168.0,40.61
26752.0,38.31
25161.0,38.47
23682.0,31.63
22647.0,31.11
22276.0,31.01
22116.0,31.34
22574.0,34.67
24321.0,35.45
26821.0,40.14
29056.0,43.82
30330.0,42.62
31080.0,42.16
31524.0,43.04
31892.0,42.27
31944.0,42.12
30853.0,41.99
29987.0,40.29
29697.0,40.2
29532.0,40.3
29180.0,41.28
28881.0,42.38
28819.0,42.59
29516.0,43.22
28738.0,43.92
26561.0,42.39
25189.0,33.39
23744.0,31.91
22538.0,30.86
21816.0,29.55
21455.0,29.34
21365.0,29.66
21380.0,29.49
21809.0,30.77
23790.0,31.28
26042.0,30.12
27630.0,28.39
27987.0,27.36
28047.0,26.54
28177.0,25.44
27575.0,24.88
26301.0,22.32
25690.0,20.05
25484.0,23.41
25238.0,28.43
25391.0,29.38
25875.0,32.14
27167.0,34.95
26890.0,37.82
25128.0,29.45
23513.0,28.47
22015.0,23.88
21015.0,21.91
20298.0,20.86
19982.0,18.41
19914.0,16.87
19838.0,16.34
19614.0,18.27
20789.0,18.93
22669.0,19.33
24145.0,17.47
24911.0,17.88
25182.0,17.96
25436.0,15.98
25260.0,14.08
23849.0,12.2
23138.0,13.17
22934.0,15.16
23057.0,16.05
23531.0,19.83
24423.0,25.4
26288.0,36.0
26928.0,36.93
25193.0,33.19
23522.0,34.83
21917.0,32.21
21112.0,30.57
20789.0,29.96
20673.0,28.65
21208.0,31.94
23378.0,40.35
25968.0,43.08
28540.0,48.49
29795.0,47.18
30485.0,45.54
30952.0,45.88
31332.0,43.93
31225.0,41.7
30170.0,40.79
29478.0,40.36
29236.0,39.52
29067.0,39.2
28783.0,40.62
28611.0,41.39
28952.0,46.35
29962.0,48.33
28843.0,47.43
26203.0,41.24
24547.0,41.35
23214.0,41.64
22330.0,40.55
22080.0,36.47
21917.0,35.57
22371.0,37.66
24076.0,40.21
26539.0,40.99
28833.0,44.8
30059.0,45.17
30485.0,47.05
30751.0,46.06
31442.0,42.94
31437.0,40.89
30386.0,40.74
29791.0,38.48
29627.0,36.53
29784.0,37.16
29489.0,39.68
29288.0,40.9
29687.0,39.95
30605.0,41.35
29409.0,40.64
26752.0,38.35
25085.0,41.87
23784.0,40.84
22870.0,36.02
22523.0,35.52
22301.0,35.5
22691.0,37.34
24414.0,41.97
26952.0,43.26
29316.0,48.32
30416.0,45.93
31101.0,44.92
31524.0,44.65
32042.0,44.05
32028.0,43.45
30829.0,44.1
30206.0,43.17
30094.0,42.88
30048.0,43.17
29665.0,44.24
29589.0,45.43
29886.0,47.83
30767.0,50.64
29643.0,48.19
27095.0,44.13
25607.0,43.97
24137.0,44.09
23130.0,43.46
22802.0,42.74
22702.0,42.86
23122.0,43.13
24543.0,44.56
26795.0,42.8
28939.0,44.31
30236.0,43.16
30836.0,43.72
30926.0,46.23
31293.0,44.59
31352.0,43.84
30500.0,45.29
29901.0,43.47
29916.0,42.45
29882.0,43.18
29528.0,43.96
29447.0,44.17
29660.0,45.29
30376.0,47.59
29592.0,45.39
27205.0,44.02
25693.0,47.77
24296.0,47.6
23255.0,47.16
22784.0,47.07
22662.0,47.17
23063.0,47.23
24704.0,44.78
27065.0,43.5
29259.0,48.15
30680.0,45.96
31104.0,44.94
31603.0,44.78
32082.0,42.71
32122.0,41.32
30778.0,41.22
29830.0,39.16
29636.0,38.3
29478.0,40.17
29044.0,41.18
28777.0,41.46
28695.0,42.88
29416.0,46.51
28849.0,46.56
26840.0,41.48
25413.0,36.43
23968.0,33.92
22916.0,31.4
22285.0,31.26
21970.0,30.99
21862.0,30.76
21748.0,31.61
22136.0,32.85
23929.0,34.35
26235.0,35.73
27828.0,34.68
28166.0,34.71
28302.0,32.94
28436.0,32.19
27549.0,30.26
26247.0,27.87
25404.0,26.8
25291.0,26.39
25236.0,27.42
25303.0,27.53
25830.0,32.17
26484.0,35.05
25945.0,37.75
24660.0,33.72
23391.0,27.25
21917.0,22.85
20693.0,21.58
20223.0,22.67
19895.0,18.39
19901.0,16.86
19720.0,17.31
19570.0,17.29
20620.0,17.39
22209.0,18.23
23708.0,20.07
24306.0,22.31
24548.0,22.79
25035.0,21.97
24984.0,23.03
23690.0,18.24
22940.0,15.11
22615.0,17.53
22736.0,20.68
23202.0,23.41
24006.0,26.8
25735.0,34.35
26601.0,43.22
24892.0,37.24
23157.0,42.41
21758.0,38.7
20956.0,37.13
20531.0,38.04
20591.0,37.58
21185.0,40.1
23200.0,41.52
25789.0,42.59
28296.0,45.49
29716.0,44.17
30347.0,44.5
30743.0,45.23
31276.0,46.21
31341.0,47.22
30259.0,46.32
29534.0,44.68
29366.0,43.59
29378.0,43.21
29097.0,43.45
28769.0,42.98
28943.0,44.03
29835.0,47.34
29112.0,45.53
26539.0,43.78
24949.0,45.12
23414.0,44.45
22626.0,42.79
22285.0,40.29
22228.0,40.35
22612.0,40.53
24044.0,45.92
26354.0,47.77
28576.0,48.71
29791.0,46.17
30621.0,45.0
30965.0,45.15
31385.0,45.82
31355.0,46.01
30197.0,45.26
29562.0,44.27
29413.0,44.07
29398.0,44.1
29095.0,44.61
28916.0,44.84
29186.0,45.57
29809.0,47.02
29075.0,46.02
26626.0,43.57
25240.0,45.34
23170.0,41.0
21541.0,39.32
20653.0,35.76
20215.0,35.92
20181.0,39.48
20581.0,41.48
21348.0,45.71
21775.0,48.02
23165.0,47.36
24910.0,47.08
25978.0,47.74
26128.0,47.27
26543.0,47.95
26161.0,47.82
24849.0,45.88
24369.0,45.58
24744.0,45.77
26853.0,45.8
28056.0,45.81
29013.0,46.1
29584.0,47.26
28869.0,47.38
26907.0,48.49
27602.0,45.93
25607.0,43.44
24120.0,42.11
23238.0,41.62
22959.0,41.56
22983.0,42.33
23696.0,46.27
25115.0,46.69
26554.0,47.33
29363.0,46.64
31461.0,47.8
31588.0,48.77
30951.0,49.18
30825.0,49.55
29993.0,49.3
28702.0,47.73
28058.0,47.24
27815.0,48.23
29061.0,48.85
31027.0,48.73
31569.0,50.41
31473.0,50.6
30053.0,49.84
27989.0,45.45
26143.0,48.92
24017.0,47.3
22563.0,46.55
21714.0,46.9
21506.0,46.82
21532.0,46.9
21929.0,47.87
22214.0,48.63
22954.0,50.96
25283.0,49.19
27088.0,48.17
27729.0,49.04
27615.0,48.45
27839.0,49.23
27711.0,48.06
26324.0,45.6
25510.0,43.5
25328.0,43.55
26054.0,43.44
29152.0,41.8
31364.0,43.09
31659.0,47.85
30721.0,49.03
28307.0,48.17
26878.0,47.88
24921.0,48.24
23669.0,51.49
23207.0,48.13
23044.0,46.69
23658.0,46.23
26201.0,46.82
30160.0,46.89
32218.0,46.59
33472.0,45.27
33653.0,42.49
33462.0,44.48
33260.0,44.78
32786.0,45.59
31439.0,46.93
30754.0,45.54
30439.0,43.88
30050.0,42.55
29696.0,43.55
29756.0,45.45
31468.0,44.97
33678.0,48.0
30933.0,48.42
28458.0,47.08
25237.0,48.12
23754.0,48.16
22765.0,47.0
22303.0,46.9
22314.0,47.06
22733.0,47.44
24799.0,47.77
27307.0,47.39
29723.0,48.27
30917.0,48.91
31567.0,47.81
31748.0,45.11
32094.0,45.42
31871.0,45.52
30611.0,47.83
29580.0,47.25
29158.0,45.48
29003.0,44.7
28800.0,45.12
28811.0,46.44
29304.0,48.12
30689.0,50.52
29103.0,51.63
26693.0,48.1
23861.0,53.37
22460.0,50.88
21606.0,48.15
21263.0,47.33
21056.0,47.69
21764.0,49.19
23658.0,50.86
26450.0,52.89
29024.0,54.66
30183.0,50.09
31059.0,49.64
31574.0,50.06
32139.0,49.96
32235.0,49.11
31117.0,53.18
30381.0,50.91
30682.0,50.44
30988.0,51.49
30629.0,51.77
30365.0,48.73
30280.0,50.39
30612.0,52.88
29863.0,52.46
27406.0,53.09
28575.0,54.3
26781.0,51.16
25474.0,50.57
24934.0,50.44
24741.0,48.6
25014.0,48.3
26408.0,50.49
28563.0,55.59
30978.0,55.6
33211.0,51.39
34616.0,51.86
35327.0,51.86
36256.0,52.35
36748.0,52.62
36056.0,51.74
35575.0,50.8
35562.0,51.3
35499.0,53.1
34901.0,52.11
34326.0,51.29
33621.0,50.92
33298.0,54.38
32605.0,55.0
30272.0,51.23
27565.0,45.85
25855.0,43.0
24438.0,41.96
23647.0,42.68
23112.0,42.68
22828.0,42.71
23125.0,46.17
23148.0,52.48
24355.0,56.07
26392.0,48.9
28123.0,48.11
28983.0,49.38
29556.0,51.45
30026.0,49.98
29963.0,48.43
29527.0,47.4
29071.0,49.02
28854.0,49.45
28712.0,51.08
28725.0,51.73
28680.0,54.29
29408.0,56.14
28989.0,55.6
27136.0,51.78
30273.0,46.4
28185.0,45.52
26674.0,43.0
25967.0,41.96
25635.0,40.51
25768.0,42.64
27545.0,45.83
30012.0,49.91
31958.0,55.13
34315.0,50.25
36048.0,49.42
37514.0,50.18
39049.0,51.23
40144.0,50.67
39825.0,49.21
39657.0,49.8
39724.0,48.73
39510.0,48.86
38705.0,49.55
37626.0,48.38
37189.0,47.45
38118.0,48.89
35532.0,52.92
32869.0,47.18
25570.0,52.61
24226.0,49.01
23443.0,45.5
23164.0,42.72
23031.0,42.37
23325.0,40.96
25326.0,46.18
28834.0,48.48
30443.0,52.3
31153.0,52.06
31635.0,51.64
31946.0,49.08
32470.0,48.97
32403.0,48.57
31355.0,44.43
30812.0,43.9
30807.0,43.29
30884.0,43.35
30734.0,43.95
31009.0,45.03
33132.0,48.36
32233.0,51.68
29215.0,51.79
26777.0,45.3
23000.0,42.38
21587.0,39.05
20632.0,40.28
20004.0,45.56
19688.0,42.87
19762.0,42.21
19936.0,42.1
20453.0,40.65
20949.0,45.68
22932.0,50.83
24349.0,51.33
24912.0,51.49
25042.0,51.58
25458.0,51.79
25311.0,49.43
24014.0,45.54
23389.0,42.09
23498.0,39.8
25800.0,40.87
27406.0,41.62
28179.0,47.85
28002.0,47.57
26657.0,48.35
24866.0,44.15
26044.0,49.47
24155.0,48.72
22840.0,47.4
22182.0,47.45
21874.0,46.76
22110.0,43.25
22972.0,41.91
24423.0,41.87
25196.0,47.65
26876.0,46.71
28577.0,40.99
29090.0,41.06
28896.0,41.36
29026.0,41.35
28592.0,47.78
27318.0,41.26
26696.0,38.75
27236.0,37.45
29758.0,37.18
30657.0,38.55
31481.0,40.78
31345.0,49.76
29981.0,55.54
27572.0,52.87
24919.0,46.73
23342.0,40.74
22489.0,39.48
22013.0,38.65
21920.0,38.57
22417.0,39.04
24383.0,41.32
27137.0,42.2
29750.0,47.31
31389.0,48.72
32950.0,52.78
33669.0,53.47
34433.0,52.91
34652.0,48.24
33924.0,48.37
33549.0,41.5
33754.0,39.97
33838.0,40.22
33552.0,40.28
32946.0,40.76
32573.0,39.99
32420.0,46.38
31674.0,46.77
29196.0,41.59
27746.0,38.91
25954.0,40.03
24724.0,38.93
24226.0,37.9
24151.0,38.61
24463.0,42.62
25753.0,46.16
28000.0,45.09
30537.0,49.33
31770.0,48.54
32710.0,48.81
33330.0,49.36
34082.0,49.41
34237.0,48.31
33408.0,48.34
33016.0,41.37
33191.0,39.38
33361.0,41.1
33052.0,42.69
32499.0,44.88
32184.0,45.29
32044.0,48.21
31283.0,46.83
28858.0,38.6
27377.0,36.11
25846.0,34.18
24861.0,31.71
24411.0,31.47
24265.0,30.29
24521.0,32.56
26061.0,35.85
28300.0,40.79
30524.0,46.52
31750.0,44.01
32625.0,44.12
33146.0,44.99
33556.0,43.27
33604.0,42.47
32395.0,41.0
31849.0,38.05
31728.0,37.66
31783.0,40.35
31319.0,43.29
30918.0,45.32
30854.0,44.21
30948.0,41.73
30121.0,42.63
27699.0,41.74
26440.0,41.58
24955.0,41.56
23977.0,33.73
23553.0,33.25
23370.0,33.14
23648.0,34.39
24978.0,42.22
27014.0,43.29
28954.0,47.95
30243.0,46.21
30770.0,46.23
30972.0,47.55
31579.0,50.03
31473.0,52.67
30357.0,49.61
29735.0,46.09
29643.0,43.63
29840.0,45.22
29441.0,44.64
29290.0,43.54
29290.0,44.12
29828.0,49.49
29205.0,54.73
26997.0,55.57
25780.0,50.19
24566.0,49.93
23577.0,48.38
23182.0,48.52
23073.0,48.28
23363.0,49.26
24773.0,50.63
26988.0,49.44
28988.0,52.01
30318.0,51.8
31104.0,51.94
31287.0,54.64
31738.0,54.26
31723.0,54.35
30565.0,53.82
29532.0,54.12
29285.0,52.52
29317.0,52.59
29123.0,52.29
29043.0,50.48
28995.0,52.14
28991.0,50.45
28398.0,49.59
26690.0,48.5
25708.0,50.01
24409.0,46.48
23250.0,42.58
22702.0,38.04
22256.0,37.62
22002.0,37.28
22002.0,37.99
22372.0,38.38
24089.0,41.71
26122.0,46.62
27540.0,48.52
28060.0,48.26
28065.0,48.27
28419.0,47.62
27775.0,40.28
26433.0,38.25
25735.0,38.57
25422.0,39.05
25416.0,39.74
25663.0,40.34
25998.0,44.7
26655.0,50.61
27089.0,51.58
25426.0,50.15
24109.0,38.48
22648.0,36.47
21529.0,36.83
20812.0,35.71
20501.0,36.47
20366.0,36.51
20102.0,37.93
19772.0,38.13
20849.0,37.87
22456.0,37.31
23887.0,36.52
24729.0,40.9
25049.0,43.56
25498.0,45.18
25402.0,44.62
24296.0,40.58
23678.0,37.0
23523.0,36.15
23682.0,36.94
24220.0,36.94
25024.0,37.72
26152.0,47.31
27481.0,50.61
26024.0,46.99
24344.0,45.9
22708.0,44.2
21893.0,41.39
21560.0,38.17
21500.0,38.25
22029.0,41.43
23789.0,45.98
26338.0,51.3
28510.0,55.21
30149.0,50.76
31133.0,50.33
31478.0,52.73
32186.0,53.24
32440.0,52.82
31385.0,51.14
30785.0,50.38
30866.0,50.04
30972.0,50.6
30717.0,49.69
30532.0,47.77
30450.0,50.32
30478.0,52.62
29843.0,53.37
27602.0,48.36
26220.0,47.09
24718.0,47.33
23714.0,45.76
23328.0,46.58
23219.0,47.09
23618.0,48.17
24942.0,50.48
27277.0,45.31
29594.0,51.56
31133.0,50.26
32068.0,50.33
32498.0,53.41
33151.0,53.84
33356.0,52.93
32572.0,51.82
32099.0,50.74
32241.0,50.54
32576.0,51.2
32130.0,49.78
31795.0,47.4
31516.0,49.06
31239.0,50.48
30439.0,49.37
28444.0,46.79
26888.0,46.13
25499.0,46.45
24494.0,44.37
24033.0,43.43
23880.0,43.29
24201.0,44.17
25405.0,46.46
27550.0,45.55
29711.0,50.16
31588.0,47.14
32639.0,46.58
33108.0,48.22
33797.0,49.0
34002.0,48.31
33014.0,46.22
32457.0,43.08
32662.0,42.97
32701.0,44.8
32418.0,47.46
32033.0,47.34
31518.0,46.03
31203.0,46.62
30659.0,46.96
28525.0,43.68
27360.0,41.72
25691.0,41.42
24599.0,38.01
24164.0,37.63
23811.0,38.11
24032.0,41.93
25237.0,44.78
27311.0,46.31
29410.0,49.34
31373.0,48.61
32508.0,47.23
32968.0,49.33
33782.0,50.69
34077.0,50.52
33097.0,50.12
32269.0,47.94
32317.0,47.72
32504.0,49.55
32071.0,50.07
31633.0,49.08
30948.0,46.78
30365.0,50.01
29788.0,49.98
27836.0,47.98
26956.0,44.35
25638.0,45.28
24432.0,44.83
23814.0,43.82
23576.0,43.89
23577.0,43.23
24165.0,45.8
25651.0,47.29
27040.0,48.79
28921.0,49.83
30161.0,50.15
30858.0,51.77
31597.0,50.5
32089.0,48.58
31314.0,45.57
30237.0,41.48
30054.0,41.37
29968.0,41.56
29882.0,43.74
29841.0,44.0
29580.0,43.03
29390.0,42.21
29140.0,44.18
27358.0,43.56
26606.0,45.52
25245.0,41.98
24053.0,40.85
23316.0,43.39
22961.0,42.29
22652.0,39.52
22607.0,41.05
23116.0,41.11
24785.0,43.93
26999.0,44.12
28821.0,45.76
29612.0,44.55
29979.0,45.29
30302.0,48.41
29737.0,46.69
28798.0,41.6
28105.0,37.08
27958.0,36.71
27863.0,37.88
27874.0,37.93
28076.0,42.9
28349.0,44.73
28390.0,44.67
26847.0,38.37
25268.0,34.84
23606.0,33.41
22353.0,32.61
21682.0,32.43
21342.0,31.29
21080.0,29.2
20920.0,27.77
20828.0,27.95
21785.0,32.04
23174.0,31.42
24464.0,31.03
25168.0,31.7
25600.0,31.81
26147.0,34.04
26300.0,36.07
25567.0,33.66
25126.0,34.31
25000.0,33.46
25187.0,32.3
25521.0,33.02
26092.0,35.25
27007.0,39.28
28401.0,48.18
27127.0,38.09
25309.0,39.66
23674.0,36.51
22700.0,34.99
22264.0,35.12
22215.0,35.93
22710.0,36.03
24627.0,44.17
27018.0,45.12
29275.0,51.29
31304.0,49.62
32548.0,48.6
33014.0,49.35
33681.0,50.4
34096.0,50.99
33277.0,50.28
32633.0,49.33
32890.0,49.15
33129.0,49.33
32770.0,48.62
32407.0,46.16
31902.0,46.95
31645.0,48.64
31058.0,48.68
28876.0,45.14
27599.0,45.86
25985.0,45.76
24841.0,43.6
24360.0,43.47
24186.0,44.38
24621.0,46.0
26049.0,47.5
28164.0,49.1
30492.0,51.8
32650.0,51.2
33812.0,52.19
34306.0,54.69
35211.0,55.43
35697.0,55.1
34791.0,53.96
34250.0,53.07
34140.0,52.51
34220.0,52.78
33745.0,52.74
33222.0,51.26
32670.0,51.13
32355.0,52.36
31668.0,50.74
29299.0,47.17
28195.0,48.89
26531.0,48.14
25346.0,45.98
24727.0,45.6
24445.0,47.43
24784.0,48.37
26177.0,50.26
28201.0,51.7
30318.0,55.07
32259.0,54.4
33314.0,54.95
33992.0,57.27
34951.0,57.57
35381.0,57.12
34611.0,56.25
34089.0,54.49
34020.0,53.71
34057.0,53.62
33798.0,53.28
33373.0,50.69
32602.0,54.21
32117.0,54.47
31625.0,54.35
29458.0,49.76
28223.0,48.72
26550.0,48.54
25313.0,47.93
24749.0,47.0
24541.0,46.43
24767.0,47.88
26176.0,50.09
28342.0,52.74
30464.0,56.76
32553.0,54.1
33857.0,53.97
34453.0,56.38
35289.0,57.04
35638.0,56.81
34817.0,55.49
34219.0,53.75
34283.0,53.49
34347.0,53.57
33870.0,52.93
33390.0,51.76
32813.0,53.81
32384.0,55.14
31982.0,54.2
29843.0,51.32
24564.0,50.87
22556.0,49.38
21381.0,47.41
20791.0,45.58
20694.0,45.52
21485.0,46.37
24212.0,48.55
28260.0,49.79
31398.0,53.99
33177.0,53.25
34219.0,54.61
34546.0,56.81
34423.0,57.56
34484.0,57.51
33439.0,56.25
32573.0,54.25
32352.0,49.06
32808.0,48.91
34469.0,46.26
35076.0,43.45
35120.0,46.7
34536.0,47.37
32080.0,47.36
29153.0,45.42
26013.0,48.21
23951.0,45.78
22413.0,42.13
21512.0,42.52
21152.0,42.04
21240.0,38.97
21575.0,38.68
22049.0,38.96
22527.0,42.65
24644.0,44.04
26666.0,48.94
27711.0,48.61
27526.0,50.56
27889.0,53.08
27655.0,51.62
26473.0,52.37
26102.0,49.27
25655.0,46.7
26850.0,44.9
29698.0,43.25
30993.0,45.13
31244.0,45.35
30376.0,44.73
28017.0,43.28
25972.0,43.07
24054.0,39.87
22965.0,39.09
22534.0,38.17
22557.0,35.06
23450.0,34.64
26718.0,34.21
30721.0,35.76
33954.0,37.02
35657.0,39.99
36635.0,39.95
36730.0,40.75
36796.0,41.55
36403.0,43.63
35033.0,43.3
34321.0,41.62
33948.0,40.25
33863.0,39.75
33875.0,43.03
36230.0,42.43
37510.0,47.68
36506.0,53.1
33653.0,53.87
30424.0,52.99
26444.0,42.4
24531.0,39.86
23466.0,39.27
23023.0,39.49
22969.0,38.83
23392.0,38.77
25919.0,38.94
29443.0,45.51
31647.0,49.52
32659.0,49.58
32964.0,49.28
32999.0,52.35
32853.0,53.7
32455.0,56.41
31262.0,56.25
30648.0,55.36
30361.0,54.13
30131.0,55.23
29521.0,53.74
29718.0,50.76
31265.0,50.82
33295.0,52.12
30904.0,52.13
28417.0,50.54
25269.0,50.09
23702.0,46.74
22571.0,44.73
21979.0,42.56
21596.0,42.3
21402.0,41.19
21788.0,41.9
21988.0,44.75
23791.0,46.92
26226.0,49.36
27960.0,49.4
28464.0,51.56
28232.0,53.34
28154.0,53.73
27382.0,54.24
25938.0,54.0
25015.0,53.8
24756.0,53.51
24607.0,52.39
24863.0,49.38
25706.0,49.17
27742.0,49.73
26755.0,49.82
24951.0,50.49
25823.0,48.55
24257.0,44.96
23341.0,42.47
22920.0,41.66
22867.0,41.43
23179.0,41.37
24690.0,41.72
27278.0,46.8
29686.0,50.18
31061.0,49.75
31906.0,51.25
32565.0,53.82
33179.0,54.13
33433.0,54.05
32556.0,53.87
32049.0,52.35
32114.0,52.19
32282.0,52.37
32045.0,52.32
31463.0,50.12
31244.0,50.25
31371.0,50.76
30535.0,50.41
28106.0,50.44
28627.0,48.65
26844.0,46.56
25780.0,46.2
25234.0,45.13
24805.0,45.11
25144.0,46.7
26625.0,47.18
28580.0,47.12
30896.0,50.42
33147.0,50.42
34443.0,51.42
34914.0,53.62
35621.0,54.01
35886.0,54.05
35003.0,53.39
34185.0,52.38
34184.0,52.38
34129.0,52.78
33706.0,53.28
33269.0,51.38
32847.0,51.25
32588.0,51.92
31983.0,52.04
29842.0,49.59
25772.0,49.13
24186.0,47.46
22932.0,47.67
22191.0,45.67
21695.0,45.54
21376.0,45.87
21458.0,46.51
20939.0,47.69
21495.0,50.2
23052.0,50.06
24369.0,50.44
25272.0,52.6
25986.0,52.85
26724.0,53.27
27227.0,52.72
26964.0,51.2
26559.0,51.54
26380.0,51.08
26406.0,50.25
26555.0,48.3
26760.0,48.44
28232.0,49.54
28952.0,48.51
27376.0,45.31
30991.0,49.46
29036.0,48.3
27669.0,45.55
26839.0,45.69
26371.0,45.57
26520.0,45.42
28269.0,45.54
30660.0,45.52
32327.0,49.37
34530.0,48.64
36072.0,45.49
37323.0,46.8
38523.0,47.7
39355.0,48.42
38889.0,46.85
38642.0,45.92
38752.0,43.08
38667.0,43.43
37748.0,46.0
36612.0,46.62
34159.0,49.6
37087.0,51.6
31440.0,48.98
25386.0,52.51
24091.0,48.15
23219.0,45.07
22830.0,42.61
22710.0,42.15
22968.0,42.25
24967.0,42.24
28334.0,41.9
29794.0,43.87
30516.0,42.8
31143.0,42.64
31409.0,45.79
31725.0,45.87
31710.0,46.82
30599.0,46.65
29889.0,42.79
29641.0,41.47
29629.0,41.1
29285.0,43.48
29751.0,45.39
31668.0,49.16
31071.0,52.39
28432.0,55.87
26242.0,50.78
23101.0,47.7
21649.0,41.35
20771.0,39.62
20484.0,38.39
20464.0,39.03
21288.0,40.2
24155.0,42.28
28039.0,49.88
30307.0,56.15
31515.0,57.46
31682.0,56.85
31730.0,55.48
32349.0,57.32
32226.0,59.36
31325.0,56.57
30713.0,52.79
30574.0,51.29
30768.0,51.56
32958.0,49.97
33948.0,47.19
34051.0,47.74
32947.0,51.95
30071.0,53.44
27167.0,49.57
25103.0,47.49
23320.0,42.95
22235.0,41.11
21816.0,40.45
21797.0,40.11
22489.0,40.36
25014.0,41.57
29161.0,48.11
31655.0,52.25
32673.0,50.64
32963.0,50.83
32704.0,53.83
32305.0,55.59
32344.0,57.32
31370.0,53.65
30746.0,52.77
30553.0,52.51
31460.0,52.1
33645.0,48.76
33904.0,46.11
33639.0,47.67
32970.0,49.65
30629.0,52.0
28125.0,44.85
29358.0,43.6
27676.0,38.58
26269.0,37.94
25593.0,37.96
25303.0,37.45
25501.0,37.96
26910.0,38.1
28622.0,40.82
30699.0,48.26
32631.0,51.35
33679.0,51.99
34152.0,53.72
34881.0,50.7
35280.0,53.13
34525.0,51.11
33900.0,49.87
33804.0,51.22
33812.0,51.62
33320.0,49.88
32817.0,48.76
32249.0,49.34
32091.0,48.54
31605.0,47.43
29529.0,43.93
28179.0,38.49
26515.0,37.91
25401.0,35.59
24959.0,35.11
24636.0,34.76
24780.0,35.8
26252.0,38.41
28035.0,40.97
30026.0,46.77
31897.0,46.55
32891.0,47.99
33308.0,47.96
34071.0,49.37
34417.0,50.48
33678.0,49.29
33133.0,49.72
33187.0,50.68
33406.0,50.95
32990.0,51.2
32642.0,50.42
32150.0,50.67
31937.0,50.44
31515.0,50.2
29566.0,44.38
28170.0,40.84
26468.0,37.65
25250.0,35.16
24672.0,34.79
24358.0,33.63
24624.0,34.64
26072.0,36.88
27841.0,39.36
29781.0,47.99
31764.0,50.91
32927.0,49.65
33312.0,51.47
34033.0,51.93
34463.0,53.01
33548.0,52.22
32659.0,52.07
32522.0,52.95
32447.0,53.05
32056.0,52.92
31815.0,50.4
31322.0,50.42
30853.0,51.43
30345.0,50.18
28434.0,48.01
27404.0,45.65
25841.0,43.86
24492.0,38.81
23780.0,38.32
23218.0,38.01
23097.0,38.15
23182.0,38.15
23332.0,38.16
24948.0,46.56
27053.0,47.39
28780.0,47.73
29695.0,48.04
30157.0,48.05
30552.0,48.94
30037.0,48.57
29161.0,47.99
28651.0,48.1
28445.0,47.75
28328.0,47.91
28382.0,47.77
28316.0,47.78
28358.0,48.25
28522.0,48.29
26928.0,48.91
25470.0,48.99
23941.0,43.16
22673.0,44.13
21892.0,43.45
21486.0,42.92
21346.0,41.66
21194.0,42.9
20820.0,41.17
21767.0,43.85
23355.0,42.31
24856.0,44.82
25830.0,47.23
26484.0,48.1
27212.0,48.78
27518.0,49.07
27167.0,48.14
26763.0,47.72
26554.0,46.97
26578.0,49.36
26823.0,49.24
27079.0,48.88
28021.0,52.7
29368.0,54.21
27948.0,50.6
26119.0,48.84
24577.0,41.62
23462.0,39.43
22982.0,39.26
22828.0,38.71
23268.0,39.3
25245.0,40.98
27300.0,48.93
29777.0,51.62
32240.0,53.77
33913.0,51.5
34772.0,55.46
35592.0,55.53
36066.0,56.43
35415.0,54.22
34899.0,53.29
35005.0,52.81
34978.0,53.43
34575.0,51.5
34022.0,50.5
33355.0,50.2
32963.0,53.52
32514.0,54.52
30311.0,51.35
28665.0,47.18
26835.0,42.59
25518.0,40.6
24933.0,40.32
24711.0,40.23
24944.0,40.23
26625.0,42.86
28472.0,47.14
30847.0,49.86
33161.0,51.82
34653.0,50.67
35401.0,53.11
36233.0,52.89
36729.0,52.81
36087.0,52.86
35523.0,50.54
35603.0,50.78
35672.0,50.42
35160.0,50.81
34693.0,51.36
34035.0,50.93
34009.0,51.3
33399.0,51.74
31154.0,49.17
29456.0,47.1
27643.0,42.55
26413.0,40.14
25782.0,39.1
25418.0,39.2
25663.0,39.13
27328.0,42.16
29275.0,46.53
31597.0,49.92
33911.0,53.08
35342.0,52.73
35906.0,53.71
36912.0,54.32
37365.0,54.45
36737.0,56.33
36234.0,53.87
36253.0,52.64
36193.0,52.26
35739.0,51.12
35173.0,49.83
34413.0,50.36
34159.0,52.22
33454.0,51.35
31123.0,49.67
29538.0,49.78
27696.0,47.0
26469.0,44.07
25757.0,43.14
25396.0,43.06
25652.0,43.24
27235.0,47.01
29099.0,50.62
31360.0,54.5
33641.0,56.49
35097.0,55.93
35979.0,58.83
37058.0,57.23
37498.0,57.3
36765.0,56.23
36179.0,53.33
36165.0,52.97
36068.0,52.77
35431.0,52.31
34977.0,50.02
34205.0,48.03
33885.0,49.39
33331.0,52.07
31078.0,49.63
29522.0,44.98
27632.0,40.7
26254.0,39.52
25701.0,39.17
25344.0,38.86
25550.0,39.42
27118.0,40.29
28855.0,46.06
31092.0,49.95
33440.0,51.9
34842.0,52.37
35490.0,54.81
36184.0,54.61
36363.0,55.1
35471.0,54.31
34642.0,53.96
34434.0,52.46
34205.0,50.18
33657.0,47.95
33339.0,45.72
32647.0,48.2
32133.0,49.44
31298.0,48.65
29344.0,44.78
28228.0,47.25
26689.0,45.27
25352.0,38.98
24484.0,37.9
23892.0,37.55
23731.0,37.4
23881.0,37.34
23993.0,37.47
25379.0,39.88
27419.0,45.85
29167.0,44.18
29974.0,46.48
30373.0,47.64
30770.0,49.65
30294.0,49.82
29557.0,48.4
28934.0,47.22
28666.0,47.19
28523.0,47.43
28526.0,48.18
28607.0,49.4
28973.0,50.5
29009.0,50.75
27341.0,47.54
25941.0,45.78
24406.0,39.37
23197.0,38.66
22399.0,38.6
21978.0,37.91
21695.0,37.41
21572.0,37.0
21115.0,36.0
22016.0,39.0
23603.0,39.05
24939.0,38.51
26016.0,43.53
26559.0,46.16
27313.0,48.51
27662.0,49.02
27141.0,47.01
26703.0,45.81
26456.0,44.71
26534.0,46.12
26810.0,46.91
27097.0,48.87
28249.0,51.1
29586.0,52.6
28189.0,50.27
26581.0,46.24
24900.0,40.32
23582.0,38.76
23001.0,38.44
22765.0,38.1
23073.0,38.0
24551.0,41.17
25691.0,45.82
27585.0,49.04
29832.0,49.06
31513.0,51.13
32431.0,55.62
33305.0,54.49
33889.0,54.92
33578.0,54.49
33100.0,53.46
33059.0,53.31
33161.0,52.35
32833.0,51.58
32523.0,48.5
32109.0,48.26
32272.0,48.43
32233.0,49.15
30221.0,46.35
28775.0,44.57
26934.0,40.76
25651.0,39.25
25093.0,39.35
24789.0,39.02
25058.0,38.96
26878.0,40.45
28718.0,44.12
30871.0,48.7
33426.0,49.0
35032.0,50.84
35906.0,53.53
36888.0,54.49
37604.0,55.39
37042.0,54.68
36487.0,53.8
36478.0,53.42
36456.0,52.97
35893.0,52.61
35218.0,50.45
34264.0,49.67
34190.0,51.08
33545.0,50.19
31297.0,46.52
29724.0,45.11
27830.0,41.23
26486.0,38.99
25712.0,38.57
25320.0,37.0
25661.0,37.21
27240.0,38.51
29038.0,43.08
31089.0,50.37
33559.0,51.45
35140.0,52.08
35907.0,54.37
36835.0,55.48
37415.0,56.0
36942.0,55.39
36405.0,53.84
36379.0,53.29
36240.0,53.58
35448.0,53.88
34689.0,52.08
33914.0,52.03
33753.0,52.43
33245.0,52.25
31078.0,49.97
29425.0,45.39
27635.0,42.96
26260.0,39.25
25646.0,38.78
25312.0,38.51
25410.0,38.5
26938.0,40.33
28512.0,45.56
30826.0,50.36
33204.0,52.64
34655.0,53.48
35642.0,55.71
36510.0,55.76
37221.0,55.78
36756.0,55.67
36261.0,54.7
36360.0,54.62
36343.0,54.76
35770.0,54.79
35143.0,52.04
34381.0,52.09
34286.0,52.34
33656.0,52.69
31611.0,50.3
29977.0,47.92
27869.0,45.5
26478.0,43.22
25777.0,42.5
25396.0,41.42
25565.0,42.06
27150.0,44.96
28995.0,50.3
31159.0,53.91
33409.0,53.91
34986.0,54.05
35795.0,56.27
36848.0,56.4
37456.0,56.6
36722.0,56.0
35961.0,55.16
35722.0,53.84
35538.0,54.06
34868.0,53.11
34307.0,51.31
33335.0,52.35
33031.0,53.25
32288.0,52.75
30286.0,53.52
29201.0,52.16
27518.0,51.95
25907.0,49.77
25009.0,48.18
24468.0,45.72
24141.0,44.46
24280.0,43.83
24417.0,42.71
25888.0,50.45
28232.0,48.84
30094.0,48.44
31016.0,47.82
31589.0,47.09
32158.0,46.31
31975.0,44.35
31357.0,43.96
30905.0,42.1
30604.0,41.75
30325.0,42.18
30259.0,44.88
30090.0,49.86
30502.0,51.52
30226.0,50.76
28521.0,48.6
27007.0,41.22
25378.0,40.97
24137.0,40.2
23186.0,40.47
22571.0,40.27
22393.0,40.51
22339.0,40.55
22077.0,39.78
22803.0,41.7
24283.0,42.69
25681.0,42.19
26665.0,42.39
27418.0,42.05
28252.0,42.49
28658.0,42.1
28203.0,40.87
27802.0,40.47
27473.0,39.54
27398.0,40.76
27526.0,41.34
27836.0,42.38
29243.0,49.84
30178.0,53.29
28744.0,48.94
27104.0,49.7
25231.0,43.61
23985.0,40.92
23213.0,40.54
22889.0,40.05
23418.0,40.14
25706.0,41.43
29458.0,45.81
32081.0,51.3
33011.0,51.98
33639.0,52.22
33666.0,52.06
33504.0,53.58
33465.0,54.7
32355.0,54.54
31608.0,53.09
31221.0,52.67
31687.0,51.9
33385.0,50.07
33890.0,50.88
33761.0,52.99
33111.0,54.12
31015.0,53.18
28609.0,46.48
25520.0,45.28
23574.0,42.48
22401.0,40.04
22068.0,40.02
22054.0,40.17
22854.0,40.16
25675.0,42.26
30118.0,45.42
32625.0,50.64
34081.0,52.34
34830.0,51.62
34598.0,51.65
34183.0,52.51
34037.0,53.68
32979.0,52.85
32312.0,50.83
32076.0,50.74
32124.0,50.66
33014.0,49.97
35100.0,50.8
35509.0,50.58
34855.0,53.0
32420.0,52.3
29374.0,46.7
27811.0,48.68
25778.0,45.29
24825.0,43.08
24395.0,42.16
24322.0,42.07
24919.0,43.31
27717.0,46.2
31808.0,51.05
34544.0,53.8
35712.0,53.75
36015.0,54.05
35912.0,55.39
35468.0,55.39
35299.0,55.57
33955.0,55.14
33277.0,53.1
32956.0,52.11
32891.0,52.58
33037.0,51.66
35725.0,51.52
37342.0,51.66
36427.0,53.5
33705.0,52.78
30481.0,49.27
26478.0,50.51
24731.0,48.3
23669.0,45.78
23137.0,44.92
23052.0,44.34
23511.0,44.89
25939.0,48.27
29594.0,48.36
31899.0,50.22
33157.0,52.59
33758.0,52.74
33779.0,53.93
33837.0,54.71
33140.0,54.95
31770.0,53.39
30785.0,50.23
30452.0,49.09
30040.0,47.4
29597.0,45.63
29590.0,46.25
30822.0,47.69
32801.0,49.49
30625.0,48.54
28491.0,45.64
23383.0,44.3
21688.0,40.52
20461.0,39.46
19734.0,39.37
19570.0,39.41
19480.0,39.8
19660.0,41.9
19481.0,44.67
20563.0,47.59
22372.0,48.9
24354.0,49.69
25450.0,51.51
25888.0,53.84
26133.0,54.5
25672.0,54.37
24366.0,52.0
23446.0,50.57
23031.0,49.16
23171.0,45.95
23921.0,45.67
25090.0,47.95
27464.0,50.42
27244.0,48.2
25283.0,43.05
26548.0,43.94
24985.0,42.36
23933.0,40.82
23526.0,41.42
23442.0,41.03
23854.0,40.12
25364.0,40.78
27802.0,40.19
29972.0,42.5
31594.0,46.02
32639.0,45.32
33315.0,45.5
33691.0,45.13
33851.0,47.39
33259.0,48.06
33070.0,47.44
33177.0,44.97
33360.0,46.5
33072.0,49.74
32532.0,48.24
32152.0,49.18
32029.0,51.71
31371.0,49.64
28896.0,46.1
28411.0,41.22
26669.0,39.59
25535.0,36.98
24897.0,36.55
24667.0,36.27
24943.0,35.23
26520.0,34.87
28567.0,33.9
31041.0,37.12
33367.0,37.47
34849.0,39.27
35521.0,41.15
36355.0,41.13
36846.0,41.74
35945.0,42.73
35054.0,41.65
34816.0,41.99
34670.0,41.39
34232.0,41.57
33692.0,41.28
33050.0,41.9
32423.0,52.01
31984.0,52.04
30113.0,43.57
25702.0,41.97
24097.0,39.51
22866.0,36.82
22233.0,36.66
22107.0,36.03
22334.0,36.83
23769.0,40.26
25357.0,46.96
27720.0,52.47
30158.0,53.21
31906.0,50.65
32831.0,52.19
33750.0,53.38
34452.0,54.24
34254.0,54.1
33518.0,52.92
33449.0,52.36
33398.0,52.07
32984.0,50.9
32391.0,50.93
31751.0,51.53
32432.0,54.06
31774.0,52.47
29526.0,48.31
29608.0,49.73
27849.0,47.34
26621.0,42.3
26000.0,40.9
25766.0,38.09
25819.0,38.03
27499.0,45.67
29681.0,48.18
30908.0,50.53
32724.0,49.27
33968.0,45.81
34850.0,47.7
35615.0,48.98
36135.0,50.44
35613.0,49.97
35306.0,45.16
35441.0,43.92
35365.0,44.1
34655.0,43.17
33731.0,43.25
33993.0,45.27
34788.0,50.43
32303.0,51.37
29929.0,43.91
24978.0,37.49
23663.0,37.11
22745.0,33.25
22112.0,32.37
21910.0,33.38
21696.0,33.52
22134.0,36.0
23298.0,38.0
24075.0,41.15
25963.0,45.62
27308.0,45.54
27738.0,46.7
27933.0,45.6
27988.0,47.27
27173.0,46.69
25962.0,43.41
25341.0,43.84
25118.0,45.34
25239.0,46.23
26172.0,48.14
28481.0,51.78
28494.0,54.11
26511.0,54.44
24799.0,47.67
25254.0,41.94
23755.0,37.78
22979.0,34.59
22640.0,34.33
22619.0,34.01
23202.0,34.51
25562.0,38.35
29457.0,38.53
31649.0,46.03
32686.0,49.19
33042.0,50.03
33142.0,51.13
33080.0,51.77
32806.0,53.63
31790.0,53.96
31246.0,50.24
31107.0,50.87
31692.0,50.65
34038.0,49.45
35039.0,49.19
35346.0,50.57
34289.0,53.5
31371.0,52.4
28284.0,49.33
26060.0,44.53
24057.0,42.43
22723.0,40.85
22117.0,39.61
21701.0,40.59
21698.0,42.09
22176.0,47.01
23453.0,47.83
24209.0,50.57
26011.0,50.77
27738.0,50.7
28090.0,50.09
27814.0,50.8
27959.0,51.61
27600.0,51.41
26457.0,50.01
25958.0,49.89
26775.0,50.61
29131.0,49.51
29813.0,50.02
30555.0,50.26
30596.0,51.99
29383.0,51.76
27085.0,50.15
26477.0,51.33
24879.0,49.98
23646.0,47.85
22949.0,47.87
22465.0,46.08
22101.0,46.41
22383.0,47.46
22405.0,45.84
23424.0,49.1
25417.0,50.06
27251.0,49.75
28061.0,50.12
28582.0,50.65
28992.0,50.21
28869.0,48.63
28127.0,45.57
27621.0,43.96
27516.0,42.46
27424.0,41.79
27469.0,42.75
27599.0,44.88
28985.0,48.99
28268.0,46.32
26603.0,47.89
24973.0,50.15
23533.0,45.71
22399.0,44.61
21605.0,43.67
21086.0,43.19
20849.0,43.14
20887.0,43.87
20551.0,41.86
21048.0,43.38
22640.0,43.28
23912.0,43.04
24912.0,45.33
25399.0,45.7
25975.0,46.67
26265.0,47.22
25862.0,45.25
25421.0,45.98
25218.0,44.93
25189.0,46.49
25295.0,47.1
25605.0,48.67
27321.0,53.93
27262.0,54.71
25648.0,51.83
24363.0,48.46
23078.0,44.64
22013.0,43.17
21351.0,43.65
21068.0,42.43
21055.0,42.5
21356.0,43.75
21126.0,45.36
21635.0,46.8
23229.0,50.53
24669.0,50.49
25600.0,51.33
26254.0,50.97
27029.0,51.25
27488.0,51.15
26943.0,49.66
26487.0,48.09
26212.0,49.09
26244.0,46.83
26350.0,46.74
26887.0,47.69
28699.0,52.5
28459.0,53.68
26780.0,51.4
25367.0,56.21
23858.0,54.92
22771.0,52.75
22244.0,52.24
21941.0,51.21
22314.0,50.78
23786.0,51.12
25331.0,49.67
27324.0,51.41
29336.0,52.67
30877.0,51.78
31837.0,50.89
32509.0,51.65
32981.0,51.74
32524.0,50.69
31649.0,48.83
31479.0,47.81
31436.0,49.11
31130.0,50.02
30704.0,51.76
30569.0,51.97
31905.0,53.22
30753.0,53.4
28447.0,52.01
26746.0,52.49
25036.0,50.34
23894.0,49.47
23160.0,46.02
22804.0,45.69
23009.0,45.67
24335.0,47.23
25744.0,45.61
27472.0,50.54
29629.0,51.28
30948.0,51.17
31739.0,51.5
32679.0,52.09
33283.0,52.66
33011.0,51.54
32242.0,48.75
31999.0,47.95
31711.0,47.84
31638.0,49.03
31336.0,51.57
31156.0,51.03
32470.0,52.93
31351.0,52.76
29167.0,52.5
27420.0,51.23
25628.0,48.27
24300.0,46.17
23709.0,43.95
23313.0,43.47
23457.0,43.91
24670.0,47.3
26139.0,45.03
27957.0,50.21
30112.0,51.87
31524.0,50.12
32390.0,50.96
33190.0,52.6
33815.0,53.1
33362.0,52.48
32560.0,51.06
32474.0,50.65
32464.0,51.58
32195.0,50.95
31849.0,52.39
31658.0,52.44
32966.0,54.74
31830.0,52.89
29552.0,51.8
27691.0,49.95
25933.0,50.02
24566.0,47.12
23937.0,44.81
23515.0,43.54
23730.0,43.12
25072.0,47.47
26570.0,45.26
28250.0,50.78
30292.0,52.35
31831.0,49.84
32800.0,49.43
33686.0,51.25
34121.0,51.44
33520.0,50.4
32854.0,48.22
32618.0,48.55
32452.0,48.76
32206.0,48.27
31737.0,48.53
31654.0,49.74
32888.0,53.17
31672.0,50.39
29632.0,48.59
28023.0,53.57
26276.0,53.2
24834.0,51.12
24055.0,48.35
23525.0,46.52
23275.0,44.97
23530.0,44.77
23741.0,42.18
24729.0,43.98
26795.0,48.24
28680.0,42.6
29579.0,43.0
30151.0,43.36
30675.0,44.26
30503.0,44.26
29785.0,43.07
29125.0,42.71
28841.0,42.74
28639.0,44.11
28556.0,46.19
28629.0,48.78
30193.0,51.92
29158.0,51.55
27360.0,48.77
26032.0,44.79
24494.0,41.83
23068.0,40.53
22264.0,40.06
21873.0,40.18
21682.0,39.57
21752.0,39.29
21449.0,38.47
21707.0,40.21
23078.0,40.27
24142.0,40.07
25168.0,42.01
25907.0,43.37
26733.0,46.92
27041.0,50.22
26496.0,48.53
26059.0,46.26
25793.0,44.47
25731.0,45.42
26097.0,47.98
26644.0,50.9
29067.0,54.63
29041.0,53.93
27495.0,48.99
25749.0,46.35
24115.0,41.03
23067.0,39.41
22650.0,39.83
22362.0,39.03
22731.0,39.16
24554.0,43.36
26446.0,44.6
28574.0,49.56
30954.0,50.98
32411.0,51.1
33435.0,51.4
34586.0,51.77
35387.0,53.45
35000.0,52.63
34145.0,51.49
33935.0,51.34
33842.0,50.44
33483.0,49.27
32886.0,48.84
32511.0,50.22
33774.0,52.85
32101.0,51.09
29813.0,48.13
27887.0,47.54
26125.0,45.15
24929.0,42.73
24252.0,41.78
23954.0,41.14
24130.0,41.62
25586.0,44.35
27328.0,46.6
29366.0,50.84
31611.0,52.06
33035.0,51.27
34060.0,51.72
35055.0,51.75
35770.0,51.92
35161.0,51.62
34306.0,49.52
34265.0,48.79
34197.0,48.13
33902.0,47.73
33222.0,49.24
32802.0,49.85
34015.0,52.33
32202.0,49.97
29888.0,46.23
27920.0,47.48
26120.0,45.0
24953.0,43.12
24386.0,43.28
24162.0,42.86
24235.0,43.06
25743.0,46.5
27399.0,46.61
29305.0,49.87
31482.0,50.91
32924.0,50.38
33946.0,49.43
34838.0,50.73
35372.0,50.5
34918.0,50.66
34255.0,48.94
34171.0,48.79
34258.0,48.64
33773.0,48.56
33144.0,49.25
32642.0,50.01
33852.0,51.89
31992.0,50.72
29625.0,48.88
27766.0,46.26
25912.0,45.21
24662.0,42.83
24057.0,42.55
23840.0,41.53
23982.0,42.71
25422.0,45.17
27216.0,46.09
28987.0,48.32
30789.0,49.49
32464.0,49.84
33713.0,48.95
34542.0,49.78
35119.0,49.64
34592.0,49.41
33892.0,49.37
33818.0,49.08
33805.0,48.48
33480.0,48.94
32950.0,49.09
32801.0,50.19
34000.0,52.24
31920.0,51.12
29762.0,49.44
28083.0,45.88
26299.0,43.51
25122.0,42.68
24441.0,41.17
24019.0,40.74
24101.0,41.07
25556.0,43.52
27414.0,44.37
29137.0,47.62
31325.0,49.64
32818.0,50.47
33763.0,50.47
34645.0,50.49
35190.0,50.74
34512.0,50.78
33541.0,49.59
33420.0,49.23
33304.0,49.27
32990.0,49.32
32674.0,50.7
32403.0,50.5
33452.0,51.34
31507.0,50.75
29274.0,49.48
27724.0,50.03
26034.0,49.72
24770.0,47.65
24009.0,45.89
23456.0,44.64
23169.0,43.81
23324.0,43.34
23673.0,42.56
24514.0,45.9
26602.0,47.99
28342.0,47.79
29347.0,48.61
30075.0,48.35
30720.0,48.66
30729.0,48.68
30018.0,46.94
29645.0,45.28
29413.0,45.6
29194.0,47.36
29242.0,48.49
29554.0,49.66
31237.0,51.68
29827.0,50.16
28017.0,48.77
26473.0,49.47
24946.0,46.83
23826.0,46.84
23027.0,46.86
22505.0,46.57
22351.0,45.94
22455.0,46.1
22243.0,44.44
22352.0,46.6
23861.0,48.4
25347.0,48.41
26394.0,49.11
27263.0,49.14
28239.0,49.39
28641.0,49.24
28102.0,46.83
27847.0,43.1
27539.0,42.2
27461.0,42.26
27481.0,44.57
28142.0,48.69
30399.0,52.05
30000.0,51.52
28283.0,50.25
26505.0,47.01
24774.0,43.19
23699.0,42.48
23189.0,41.68
23052.0,39.91
23495.0,40.06
25603.0,42.35
27987.0,45.95
30184.0,47.97
32669.0,50.13
34345.0,50.81
35391.0,51.93
36230.0,52.96
36890.0,53.67
36246.0,53.09
35349.0,52.09
35085.0,50.04
35016.0,50.5
34570.0,51.65
33861.0,50.77
33659.0,51.33
35065.0,52.96
32833.0,50.91
30405.0,48.06
28354.0,45.13
26587.0,42.49
25456.0,40.45
24879.0,39.29
24599.0,39.2
24840.0,39.95
26577.0,41.48
28587.0,45.77
30410.0,51.15
32741.0,54.5
34137.0,53.95
35180.0,54.84
35923.0,54.9
36561.0,55.28
35790.0,55.3
34914.0,54.33
34644.0,52.9
34579.0,53.25
34062.0,53.82
33313.0,54.95
33158.0,53.38
34567.0,54.13
32366.0,52.73
30067.0,50.57
28305.0,48.4
26530.0,47.16
25355.0,45.12
24780.0,44.16
24483.0,43.75
24856.0,44.75
26551.0,48.37
28804.0,48.37
30873.0,51.3
33020.0,52.81
34356.0,52.76
35222.0,52.75
36062.0,52.74
36431.0,53.63
35605.0,52.98
34812.0,52.31
34710.0,51.78
34703.0,51.1
34212.0,50.97
33456.0,52.23
33410.0,52.55
34809.0,52.85
32590.0,50.57
30235.0,46.93
26701.0,42.86
24724.0,41.46
23292.0,40.59
22704.0,40.76
22412.0,40.51
22331.0,40.45
22912.0,44.7
23930.0,49.12
25471.0,52.44
27643.0,54.01
29578.0,54.19
30121.0,53.98
29906.0,53.55
29947.0,54.09
29486.0,53.24
28181.0,50.94
27386.0,51.4
27472.0,52.31
29767.0,52.96
30714.0,53.53
30819.0,54.5
30564.0,55.42
29420.0,52.82
27608.0,49.66
27247.0,50.03
25248.0,49.41
24234.0,48.62
23658.0,48.07
23547.0,47.84
24251.0,48.63
26649.0,50.99
30817.0,51.4
33046.0,53.61
34189.0,54.4
34711.0,54.42
34665.0,54.92
34424.0,55.21
34353.0,55.03
33190.0,54.14
32683.0,52.79
32308.0,52.52
32556.0,52.63
33512.0,52.36
35550.0,52.99
35827.0,54.11
34966.0,54.96
32361.0,53.78
29315.0,51.03
27932.0,49.96
25766.0,49.0
24699.0,48.78
24149.0,48.61
24075.0,48.66
24665.0,48.56
27567.0,48.73
31560.0,48.15
34603.0,47.58
36149.0,49.86
36954.0,49.26
36998.0,49.2
36496.0,48.83
36286.0,48.85
35106.0,48.32
34445.0,46.43
34134.0,45.04
34162.0,45.18
34132.0,46.67
36615.0,50.1
37925.0,52.52
36721.0,54.11
33977.0,52.38
30631.0,50.82
26609.0,49.24
24875.0,49.42
23508.0,48.93
22748.0,47.95
22408.0,46.92
22228.0,46.48
22851.0,46.84
23780.0,46.01
25117.0,45.51
27675.0,50.68
29154.0,48.68
29519.0,48.54
29178.0,48.52
28882.0,49.19
28014.0,48.42
26565.0,45.92
25659.0,44.9
25384.0,45.32
25319.0,45.38
25772.0,47.65
27093.0,52.43
29558.0,55.05
28372.0,54.19
26855.0,52.65
23587.0,51.26
21905.0,50.02
21026.0,49.0
20646.0,48.25
20687.0,47.59
21308.0,48.83
23846.0,50.94
26701.0,52.01
29484.0,54.67
31101.0,58.2
31681.0,58.1
32145.0,58.19
32419.0,57.15
32282.0,57.04
31104.0,56.35
30277.0,55.32
29872.0,55.3
29769.0,56.12
29441.0,56.27
29479.0,55.91
30092.0,58.44
31384.0,59.08
29519.0,55.52
26803.0,53.31
27248.0,52.81
25583.0,52.61
24533.0,51.46
24065.0,51.09
23897.0,50.84
24126.0,50.58
25370.0,52.1
27736.0,52.75
30099.0,56.28
31661.0,57.52
32866.0,57.98
33634.0,58.99
34430.0,57.73
34746.0,58.35
33988.0,57.31
33616.0,56.47
33696.0,56.12
33721.0,56.26
33286.0,58.0
32692.0,59.16
32303.0,60.09
32186.0,60.27
31398.0,56.77
29021.0,53.39
28752.0,53.36
27007.0,53.24
25522.0,52.47
24705.0,52.33
24201.0,51.82
23844.0,52.42
23691.0,53.24
24065.0,54.8
25853.0,58.26
28229.0,59.21
30359.0,58.74
31520.0,60.08
32199.0,60.48
32775.0,60.24
32299.0,57.4
31612.0,55.34
30984.0,54.29
30630.0,53.88
30437.0,54.79
30332.0,55.64
30268.0,57.95
30482.0,59.21
30697.0,54.46
28987.0,52.54
27418.0,47.7
25521.0,45.53
24269.0,43.35
23626.0,43.06
23300.0,43.13
23435.0,43.84
24725.0,49.18
26199.0,50.6
28152.0,54.8
30529.0,56.12
32031.0,56.01
33129.0,56.48
33925.0,56.86
34507.0,57.03
34060.0,56.02
33314.0,54.39
33098.0,53.67
33015.0,53.52
32464.0,52.95
31902.0,53.92
31563.0,55.94
32102.0,56.81
30998.0,54.36
28765.0,51.25
28547.0,47.16
27032.0,46.72
25896.0,44.99
25406.0,44.95
25109.0,45.32
25354.0,46.61
27169.0,51.11
29678.0,52.05
31158.0,55.62
32911.0,57.63
34171.0,57.5
34962.0,58.0
35674.0,58.15
36335.0,58.22
35605.0,57.04
34796.0,55.32
34600.0,54.71
34579.0,54.34
33883.0,54.35
33060.0,54.55
33295.0,56.05
33887.0,57.83
31183.0,55.19
29042.0,51.52
23330.0,47.81
21989.0,47.47
20991.0,45.37
20414.0,44.4
20110.0,43.58
20002.0,43.36
20364.0,44.14
21055.0,45.43
21144.0,48.62
22457.0,51.11
24002.0,51.1
24675.0,50.48
24949.0,50.68
25268.0,51.79
25036.0,51.33
23886.0,49.18
23225.0,48.83
22852.0,47.43
23193.0,48.21
24513.0,50.86
27531.0,53.39
27849.0,55.1
26373.0,52.56
24552.0,48.06
26328.0,43.22
24815.0,43.63
23769.0,43.03
23333.0,43.75
23167.0,43.18
23776.0,43.17
25919.0,43.62
29451.0,43.73
31437.0,44.76
32432.0,49.74
32930.0,49.64
33116.0,50.28
33057.0,48.57
32943.0,50.16
31948.0,48.4
31436.0,44.83
31194.0,44.39
31744.0,43.76
33847.0,44.33
34688.0,47.29
34855.0,53.7
33701.0,56.13
31031.0,54.48
28042.0,51.97
24588.0,46.22
22720.0,43.67
21664.0,41.9
21143.0,41.16
21033.0,40.75
21618.0,41.24
23802.0,43.85
27423.0,50.01
29701.0,54.22
31103.0,55.15
31684.0,55.23
31532.0,55.47
31127.0,53.71
31243.0,53.35
30467.0,51.64
29560.0,50.36
29292.0,51.99
30189.0,53.05
32213.0,54.18
32543.0,55.4
32585.0,58.32
32096.0,58.03
30012.0,53.7
27631.0,47.52
27973.0,43.62
26574.0,42.54
25468.0,41.63
24957.0,40.86
24709.0,40.53
24954.0,41.02
27002.0,42.95
30041.0,49.24
31723.0,54.32
33312.0,56.74
34349.0,55.8
34781.0,56.41
35165.0,54.42
34841.0,53.24
33462.0,50.89
32833.0,51.99
32801.0,51.36
32719.0,53.81
32331.0,54.89
31944.0,54.53
33061.0,54.4
33411.0,55.52
30375.0,51.67
27833.0,45.23
26372.0,41.89
25019.0,41.2
24121.0,40.4
23719.0,40.58
23544.0,40.27
23878.0,40.26
25613.0,41.7
28564.0,49.17
29968.0,55.16
31044.0,56.49
31364.0,54.84
31892.0,55.79
32453.0,53.66
32360.0,53.33
30997.0,53.89
30545.0,51.47
30511.0,49.02
30540.0,51.17
30298.0,53.25
30156.0,55.64
31992.0,56.82
32313.0,56.26
29193.0,52.78
26796.0,47.88
25669.0,46.89
24330.0,42.5
23405.0,41.85
23007.0,40.79
22903.0,40.78
23251.0,41.34
25167.0,43.42
28003.0,50.34
29404.0,56.28
30359.0,56.6
30769.0,55.93
31091.0,56.25
31567.0,55.05
31536.0,54.27
30355.0,55.7
29771.0,53.98
29859.0,52.85
29989.0,53.23
29730.0,53.51
29818.0,55.37
31638.0,56.07
32206.0,57.29
29318.0,53.72
26908.0,47.2
25571.0,43.82
24389.0,40.88
23515.0,39.52
23153.0,38.54
22958.0,37.57
23354.0,39.58
25291.0,42.55
28319.0,48.87
29571.0,53.45
30427.0,54.63
30966.0,53.34
31138.0,53.88
31653.0,52.97
31834.0,52.9
30795.0,52.44
29962.0,48.81
29766.0,49.31
29761.0,50.11
29506.0,50.92
29380.0,53.23
30814.0,54.98
31188.0,56.17
28549.0,53.64
26556.0,46.45
25407.0,51.19
24189.0,49.01
23084.0,45.64
22510.0,43.69
22261.0,42.83
22084.0,42.82
22529.0,42.6
23349.0,43.74
24031.0,46.85
25943.0,49.76
27314.0,47.75
27855.0,45.08
27983.0,45.4
28281.0,46.78
27609.0,45.75
26286.0,44.01
25568.0,40.59
25379.0,40.84
25378.0,44.17
25901.0,49.49
27816.0,54.0
28572.0,55.18
26682.0,53.36
25095.0,52.22
23760.0,46.43
22401.0,46.03
21367.0,43.61
20738.0,41.19
20504.0,40.69
20488.0,39.89
20521.0,39.78
20954.0,40.57
20962.0,40.77
22376.0,41.01
23588.0,40.36
24481.0,39.45
24899.0,40.98
25439.0,41.7
25428.0,41.42
24241.0,37.39
23550.0,36.55
23346.0,36.29
23647.0,41.66
24188.0,47.17
26608.0,53.15
28273.0,55.41
26858.0,53.57
25050.0,52.32
23574.0,44.92
22275.0,42.88
21510.0,39.9
21169.0,38.89
21153.0,38.92
21677.0,39.12
24102.0,44.49
27465.0,48.14
28815.0,52.0
29779.0,52.55
30300.0,52.18
30867.0,52.48
31455.0,54.1
31683.0,54.81
30839.0,54.64
30181.0,53.0
30141.0,52.55
30312.0,52.93
30085.0,52.66
30025.0,54.02
32119.0,54.82
32391.0,55.44
29247.0,51.57
26634.0,47.83
25242.0,44.7
24040.0,43.74
23324.0,42.75
23099.0,41.93
22995.0,42.62
23302.0,42.42
25450.0,45.58
28757.0,50.37
30239.0,53.38
31099.0,54.51
31659.0,53.86
31882.0,54.49
32335.0,55.05
32285.0,55.05
31203.0,54.04
30622.0,52.81
30662.0,52.35
30712.0,52.37
30404.0,52.73
30337.0,55.33
32502.0,56.21
32650.0,55.58
29498.0,52.65
26859.0,48.2
25495.0,45.16
24281.0,44.5
23446.0,44.05
23153.0,43.37
23052.0,44.07
23446.0,44.61
25326.0,50.63
28533.0,53.23
29782.0,56.82
30565.0,56.27
30960.0,56.03
31487.0,55.68
32035.0,55.86
32176.0,56.06
31234.0,55.51
30716.0,54.06
30777.0,53.62
30925.0,53.74
30681.0,54.01
30708.0,55.79
32652.0,56.89
32559.0,57.33
29342.0,54.73
26847.0,51.33
25510.0,50.36
24199.0,49.85
23379.0,46.81
23085.0,45.5
23091.0,46.47
23328.0,48.16
25413.0,51.58
28655.0,52.87
29955.0,55.24
30860.0,56.1
31313.0,55.68
31664.0,56.0
32426.0,56.07
32575.0,55.8
31681.0,55.63
31245.0,54.09
31349.0,53.61
31516.0,53.79
31184.0,53.8
31109.0,56.17
32978.0,56.75
32920.0,57.26
29824.0,54.97
27136.0,51.58
25826.0,48.05
24570.0,45.77
23649.0,43.9
23171.0,43.09
23122.0,43.41
23500.0,45.19
25509.0,50.25
28812.0,53.42
30215.0,57.08
31108.0,57.57
31623.0,57.11
32003.0,57.38
32514.0,57.44
32609.0,57.27
31545.0,56.01
30739.0,54.78
30540.0,54.47
30628.0,54.27
30282.0,54.31
30194.0,55.0
31710.0,57.39
31584.0,58.31
28614.0,55.85
26536.0,52.67
25334.0,53.59
23951.0,53.28
22954.0,52.75
22353.0,50.96
22099.0,48.45
21819.0,45.7
22234.0,46.13
23260.0,48.85
23826.0,49.55
25873.0,53.66
27322.0,50.98
27837.0,46.19
28070.0,45.35
28318.0,45.14
27628.0,43.33
26371.0,41.31
25747.0,39.64
25547.0,41.61
25650.0,45.14
25917.0,49.16
28131.0,48.7
28657.0,53.89
26585.0,47.78
24954.0,45.5
23614.0,41.21
22325.0,41.1
21376.0,41.07
20709.0,40.98
20462.0,41.24
20376.0,41.07
20576.0,42.01
20913.0,41.97
20959.0,43.49
22383.0,44.43
23829.0,45.37
24477.0,45.97
25048.0,48.3
25566.0,51.44
25413.0,48.98
24197.0,42.69
23584.0,41.25
23263.0,40.8
23487.0,42.81
24292.0,48.62
26926.0,51.99
27784.0,55.93
26549.0,55.26
24733.0,47.24
23175.0,50.39
21997.0,45.96
21379.0,44.16
21120.0,42.52
21211.0,41.97
21773.0,43.57
24356.0,48.89
28000.0,53.53
29522.0,55.14
30390.0,56.72
31239.0,57.0
31701.0,58.07
32258.0,58.27
32392.0,57.96
31349.0,57.82
30770.0,55.96
30698.0,55.35
30766.0,55.65
30489.0,56.08
30690.0,60.79
32865.0,58.86
32404.0,59.06
29164.0,55.36
26585.0,49.44
25238.0,46.08
23951.0,44.12
23174.0,41.91
22903.0,40.06
22810.0,40.42
23190.0,41.56
25329.0,47.75
28946.0,53.22
30134.0,56.47
31010.0,55.38
31607.0,55.17
32067.0,54.46
32610.0,55.52
32707.0,55.61
31746.0,53.69
31252.0,52.18
31230.0,51.65
31474.0,51.74
31164.0,52.53
31113.0,55.86
33396.0,56.16
32876.0,55.08
29595.0,51.55
27130.0,46.84
25720.0,44.85
24402.0,40.07
23701.0,37.77
23401.0,37.37
23316.0,37.57
23821.0,38.22
25918.0,45.04
29430.0,51.91
31296.0,55.01
31899.0,55.81
32380.0,55.61
32770.0,54.6
32766.0,54.2
31747.0,53.18
31072.0,51.12
31110.0,51.01
31198.0,53.6
30752.0,54.61
30874.0,55.85
33208.0,58.65
32696.0,56.14
29348.0,53.12
26890.0,47.68
25461.0,45.95
24238.0,42.32
23322.0,38.24
22968.0,38.0
22836.0,38.37
23259.0,38.97
25326.0,43.33
28395.0,51.57
29662.0,53.47
30481.0,53.71
31057.0,53.47
31554.0,52.79
32120.0,53.26
32175.0,53.63
31147.0,52.29
30718.0,51.07
30720.0,51.64
30878.0,53.37
30431.0,54.6
30605.0,58.44
32879.0,60.61
32385.0,58.62
29228.0,55.43
26782.0,51.01
25453.0,47.85
24178.0,44.85
23352.0,43.28
22933.0,42.48
22820.0,42.91
23210.0,43.51
25277.0,47.79
28746.0,53.79
30042.0,55.91
30725.0,56.1
31238.0,55.53
31696.0,55.0
32094.0,55.81
32282.0,55.68
31295.0,53.12
30549.0,49.8
30262.0,50.28
30229.0,54.25
30074.0,54.59
30259.0,56.26
32087.0,56.92
31530.0,56.54
28682.0,54.95
26491.0,51.0
25598.0,52.04
23637.0,48.19
22105.0,46.4
21228.0,45.48
20774.0,45.3
20798.0,45.36
21245.0,45.94
21842.0,48.03
22303.0,52.1
23946.0,55.52
26240.0,54.9
27535.0,54.11
27861.0,54.9
28841.0,56.18
28640.0,53.78
27409.0,48.88
26596.0,48.07
26819.0,48.89
29079.0,55.71
30017.0,56.31
30862.0,58.84
30987.0,58.82
29949.0,57.98
27639.0,54.48
27095.0,51.58
25061.0,48.7
23936.0,47.07
23428.0,47.39
23372.0,46.46
24099.0,46.75
26669.0,47.04
31171.0,48.81
33248.0,49.04
34278.0,54.18
34641.0,54.87
34694.0,54.29
34606.0,54.7
34496.0,54.99
33303.0,53.04
32818.0,47.92
32736.0,46.39
32767.0,45.96
33441.0,50.37
35182.0,57.29
35357.0,61.34
34658.0,65.75
32076.0,61.96
28932.0,58.48
28141.0,51.76
26000.0,48.18
24792.0,46.1
24422.0,45.0
24277.0,45.0
24829.0,45.92
27488.0,51.87
31521.0,57.09
34315.0,61.49
35442.0,61.15
36289.0,60.14
36189.0,59.63
35878.0,59.44
35405.0,59.17
34138.0,58.63
33661.0,55.38
33446.0,55.49
33242.0,57.29
33422.0,60.72
35937.0,63.53
37494.0,66.21
36698.0,64.35
34108.0,61.96
30758.0,59.46
24896.0,56.25
23145.0,55.1
21778.0,53.63
20937.0,52.89
20477.0,53.07
20314.0,53.57
20586.0,56.79
20983.0,59.3
21657.0,64.32
23661.0,64.68
25401.0,64.0
26231.0,63.77
26495.0,64.05
26522.0,64.09
26351.0,63.56
25023.0,61.94
24247.0,61.63
23807.0,61.85
24159.0,62.44
24942.0,64.81
27170.0,65.96
29826.0,65.4
28799.0,61.94
26567.0,58.07
25064.0,53.32
23295.0,49.1
22289.0,46.47
21901.0,45.57
21841.0,45.01
22438.0,46.43
24392.0,55.51
27332.0,57.74
30001.0,62.46
31438.0,62.39
31891.0,61.76
32302.0,60.9
32534.0,62.16
32475.0,62.88
31375.0,61.72
30531.0,60.01
30268.0,60.2
30064.0,60.86
29857.0,61.39
30056.0,65.86
30726.0,67.18
32017.0,66.78
29939.0,62.46
27037.0,61.09
27368.0,57.27
25637.0,56.16
24579.0,53.74
24125.0,52.5
23954.0,52.52
24249.0,53.93
25698.0,58.03
28057.0,61.72
30349.0,65.6
31841.0,66.38
32903.0,65.95
33577.0,64.47
34136.0,63.11
34277.0,62.82
33196.0,61.75
32464.0,60.04
32412.0,59.74
32475.0,57.19
31888.0,61.36
31163.0,65.61
30658.0,67.93
30589.0,63.44
29868.0,61.08
27804.0,60.12
27280.0,58.31
25481.0,57.49
24020.0,56.62
23194.0,55.92
22681.0,55.8
22291.0,56.68
22052.0,58.67
21761.0,63.37
22824.0,67.15
24526.0,68.21
26074.0,68.54
27309.0,67.1
28192.0,65.64
29097.0,66.08
29581.0,63.79
29189.0,62.16
28797.0,61.68
28433.0,62.1
28443.0,61.99
28575.0,68.8
29210.0,70.64
30296.0,67.54
31677.0,63.8
30251.0,57.25
26909.0,58.8
25206.0,56.23
24010.0,53.58
23375.0,50.36
23090.0,49.98
23283.0,49.72
24581.0,50.13
25813.0,54.86
27736.0,57.67
29518.0,59.56
30681.0,60.22
31330.0,60.53
32048.0,60.47
32339.0,59.49
31732.0,59.46
30922.0,52.07
30712.0,50.46
30675.0,50.49
30433.0,53.8
30085.0,61.74
29959.0,63.43
30927.0,61.54
30115.0,59.49
27920.0,55.05
27820.0,50.64
26552.0,49.73
25166.0,47.75
24489.0,47.29
24117.0,46.91
23896.0,45.93
24100.0,45.84
24739.0,46.95
25491.0,48.4
27596.0,49.36
29189.0,49.82
30088.0,50.15
30736.0,50.28
31340.0,51.62
30933.0,50.14
30113.0,48.6
29549.0,47.89
29273.0,47.57
29058.0,48.99
28813.0,59.52
29953.0,61.17
31257.0,59.47
29347.0,57.63
27571.0,50.65
22969.0,50.85
21830.0,46.48
21267.0,45.89
20998.0,45.42
20953.0,45.32
21478.0,47.96
24092.0,58.35
27832.0,61.86
29518.0,66.59
30174.0,67.87
30624.0,67.74
30955.0,66.93
31392.0,65.9
31310.0,66.24
30226.0,65.03
29672.0,61.63
29526.0,62.43
29576.0,64.66
29237.0,67.6
30126.0,72.79
32539.0,76.54
31651.0,74.57
28584.0,67.44
25958.0,63.71
26028.0,63.37
24309.0,58.66
23289.0,55.06
23006.0,51.14
22904.0,51.33
23590.0,56.46
26024.0,64.02
30179.0,64.72
32199.0,67.87
33118.0,68.71
33466.0,68.23
33290.0,67.54
33188.0,67.62
32770.0,67.43
31702.0,64.61
31125.0,63.12
30949.0,62.28
31448.0,63.42
33935.0,64.2
34818.0,66.09
35035.0,69.97
33880.0,68.66
31281.0,63.38
28465.0,60.98
25755.0,56.65
23852.0,53.26
22565.0,51.13
21874.0,48.92
21471.0,48.7
21594.0,50.61
22547.0,52.89
24004.0,55.72
25205.0,55.2
27509.0,58.47
29224.0,59.06
29220.0,59.93
28870.0,59.98
28935.0,60.32
28425.0,60.39
27384.0,58.57
26787.0,58.58
27444.0,58.75
29946.0,60.47
30619.0,62.01
31010.0,71.08
30757.0,71.01
29441.0,66.3
27435.0,61.34
23072.0,61.8
21830.0,56.71
21135.0,52.38
20891.0,48.94
20834.0,49.0
21358.0,54.37
24008.0,63.13
27513.0,66.44
29676.0,68.14
30377.0,68.54
30891.0,69.07
31052.0,69.56
31382.0,69.55
31188.0,69.8
29984.0,67.96
29389.0,65.9
29224.0,64.54
29386.0,65.15
29386.0,65.04
30522.0,69.24
32530.0,72.29
31521.0,72.3
28243.0,66.59
25808.0,62.72
24155.0,62.74
22796.0,55.78
21933.0,51.9
21568.0,49.41
21506.0,48.29
22050.0,51.31
24153.0,60.14
27678.0,63.98
29620.0,66.09
30240.0,67.32
30818.0,67.31
30988.0,66.59
30950.0,66.84
30810.0,66.14
29489.0,64.43
28619.0,60.69
28330.0,60.02
28148.0,60.84
28003.0,64.62
29069.0,69.45
31396.0,72.74
30551.0,68.84
27730.0,64.65
25566.0,60.91
24264.0,56.86
22872.0,52.98
21737.0,50.34
21271.0,49.65
21074.0,48.32
20980.0,47.38
21388.0,50.34
22684.0,53.21
23714.0,53.86
25246.0,54.81
26644.0,55.02
27091.0,52.22
27185.0,51.18
27169.0,50.56
26592.0,50.05
25413.0,46.72
24523.0,47.45
24287.0,52.25
24496.0,58.71
25920.0,64.58
28112.0,62.05
27938.0,61.9
25925.0,57.44
24312.0,54.64
22761.0,50.38
21294.0,48.33
20346.0,47.34
19903.0,46.64
19598.0,46.1
19508.0,46.28
19811.0,47.06
20497.0,47.88
20690.0,48.8
21967.0,51.74
23531.0,52.48
24098.0,50.84
24280.0,50.72
24541.0,50.96
24148.0,51.23
23301.0,50.47
22826.0,50.64
22692.0,50.64
23075.0,59.38
25083.0,66.65
27751.0,69.75
27962.0,69.06
26457.0,66.45
24732.0,62.39
23060.0,59.56
21722.0,56.91
20972.0,54.61
20793.0,53.94
20830.0,54.46
21504.0,55.68
24105.0,58.69
28098.0,68.92
30247.0,73.99
30897.0,73.54
31397.0,74.81
31655.0,74.36
31918.0,74.16
31704.0,71.61
30658.0,70.42
30090.0,67.13
29859.0,66.38
29896.0,68.02
29701.0,71.92
31064.0,83.18
33061.0,86.4
32279.0,70.35
29195.0,61.21
26478.0,60.24
24754.0,61.94
23525.0,57.08
22666.0,51.64
22327.0,48.58
22295.0,48.55
22756.0,51.97
24947.0,62.21
28658.0,64.8
30662.0,67.51
31255.0,68.6
31734.0,69.58
31720.0,69.63
32258.0,70.28
32102.0,70.74
30969.0,70.02
30311.0,67.59
30059.0,66.5
30092.0,68.15
30002.0,68.38
31447.0,71.55
33338.0,74.68
32273.0,72.06
29049.0,64.73
26460.0,60.84
24713.0,61.11
23431.0,57.18
22680.0,51.7
22379.0,50.98
22299.0,51.17
22732.0,53.6
24873.0,65.28
28615.0,67.75
30663.0,70.47
31125.0,70.77
31577.0,71.94
31662.0,72.11
31980.0,72.65
31859.0,72.85
30700.0,70.14
29906.0,68.39
29797.0,68.21
29855.0,68.61
29802.0,70.27
31231.0,74.47
33089.0,76.73
32075.0,75.57
28934.0,65.05
26418.0,60.19
24917.0,63.93
23450.0,58.97
22553.0,55.61
22158.0,51.47
22131.0,51.23
22569.0,57.67
24726.0,64.33
28492.0,66.55
30620.0,72.05
31035.0,71.2
31514.0,72.09
31588.0,71.27
31796.0,71.97
31640.0,71.99
30468.0,69.05
29751.0,66.81
29595.0,66.7
29712.0,67.14
29699.0,67.51
31063.0,72.02
32946.0,75.43
32013.0,74.3
28840.0,65.04
26377.0,60.39
24811.0,61.77
23423.0,57.26
22627.0,53.14
22308.0,49.47
22194.0,48.93
22460.0,55.44
24723.0,61.22
28461.0,65.96
30555.0,71.93
31143.0,70.92
31475.0,71.36
31629.0,71.07
31860.0,71.17
31734.0,71.89
30480.0,69.41
29563.0,67.72
29285.0,67.42
29220.0,67.36
29108.0,68.19
30512.0,72.44
31925.0,75.13
31114.0,73.47
28453.0,67.78
26470.0,64.99
24988.0,60.99
23583.0,58.02
22490.0,55.77
21854.0,52.78
21647.0,48.6
21575.0,49.23
21903.0,53.31
23409.0,60.35
24729.0,64.21
26517.0,67.07
28016.0,69.06
28533.0,68.05
28613.0,64.29
28633.0,62.21
27765.0,57.34
26223.0,53.49
25410.0,53.46
25252.0,57.87
25551.0,59.36
27124.0,64.33
28774.0,68.48
28521.0,62.77
26466.0,57.59
24804.0,53.63
23190.0,47.45
21831.0,46.52
20847.0,44.68
20305.0,41.34
20016.0,38.88
20114.0,39.89
20391.0,40.5
21053.0,41.53
21448.0,42.76
22751.0,46.81
24455.0,48.29
25392.0,48.78
25782.0,48.83
26032.0,47.25
25692.0,42.57
24330.0,41.28
23525.0,42.61
23429.0,49.18
23876.0,51.2
26000.0,61.84
28279.0,70.87
28200.0,63.78
26748.0,61.46
24779.0,56.8
22991.0,53.34
21689.0,50.26
20896.0,46.57
20728.0,45.29
20745.0,42.35
21414.0,47.66
24139.0,58.23
28214.0,62.82
30601.0,67.11
31295.0,66.75
31897.0,68.66
32220.0,69.06
32390.0,69.26
32222.0,68.85
31091.0,67.81
30379.0,64.84
29989.0,64.83
29937.0,66.34
29848.0,68.02
31631.0,71.8
33236.0,75.07
32255.0,71.97
29084.0,62.44
26404.0,59.23
24858.0,59.09
23362.0,51.27
22504.0,47.94
22234.0,46.16
22188.0,46.24
22578.0,51.34
25014.0,64.46
28796.0,66.35
31258.0,71.02
31690.0,69.98
32110.0,70.98
32219.0,70.9
32483.0,71.41
32244.0,70.46
31063.0,69.27
30300.0,68.17
30202.0,68.6
30149.0,69.54
30041.0,70.88
31766.0,76.15
33324.0,78.11
32306.0,77.04
29153.0,70.24
26652.0,66.9
24919.0,65.5
23529.0,57.75
22655.0,53.11
22392.0,51.16
22305.0,50.38
22819.0,54.21
24813.0,66.85
28703.0,72.01
30996.0,73.34
31409.0,71.69
31801.0,71.91
31911.0,72.51
32249.0,72.43
32023.0,72.5
30829.0,71.01
30050.0,69.18
29945.0,69.03
29899.0,69.62
29695.0,69.31
31588.0,72.28
33107.0,73.93
31985.0,72.54
29044.0,67.27
26566.0,62.62
24899.0,59.17
23447.0,53.16
22530.0,50.33
22236.0,47.45
22063.0,46.6
22431.0,48.86
24514.0,57.64
28397.0,65.86
30859.0,68.68
31022.0,68.04
31416.0,68.23
31679.0,68.59
32054.0,68.87
31973.0,68.0
30725.0,66.97
30115.0,66.11
30041.0,66.43
30145.0,67.34
30051.0,68.48
31815.0,72.22
33257.0,73.96
32025.0,72.0
29081.0,64.81
26583.0,62.84
25050.0,56.14
23659.0,51.68
22800.0,49.61
22340.0,48.92
22308.0,49.44
22662.0,49.15
24771.0,64.0
28718.0,70.64
31033.0,73.4
31293.0,72.16
31669.0,72.13
31739.0,71.66
31737.0,70.19
31585.0,67.17
30468.0,64.9
29552.0,62.84
29147.0,62.58
29313.0,66.77
29285.0,71.53
31070.0,74.33
32185.0,76.17
30960.0,65.48
28377.0,63.3
26244.0,58.7
24872.0,60.68
23368.0,56.59
22300.0,55.28
21712.0,52.89
21420.0,52.45
21260.0,52.26
21693.0,53.4
23060.0,57.77
24334.0,60.31
25819.0,64.24
27225.0,65.39
27341.0,62.64
27456.0,60.9
27359.0,59.67
26801.0,59.71
25638.0,54.22
24842.0,53.46
24634.0,57.07
24806.0,65.04
26780.0,72.03
28192.0,72.26
27888.0,68.96
25998.0,65.7
24356.0,61.15
22752.0,61.0
21324.0,57.14
20390.0,58.75
19786.0,56.92
19489.0,56.23
19363.0,55.93
19322.0,55.18
19891.0,55.22
20306.0,54.18
21359.0,54.37
23008.0,55.58
23725.0,55.76
23993.0,55.01
24125.0,56.51
24478.0,58.37
23982.0,57.4
22933.0,55.42
22416.0,55.21
22457.0,57.7
24387.0,65.76
25980.0,69.23
26540.0,72.1
26303.0,71.39
25061.0,67.64
23237.0,65.98
21730.0,58.57
20617.0,54.83
19944.0,54.1
19604.0,53.65
19626.0,53.45
20032.0,54.12
21850.0,56.72
23932.0,63.65
25582.0,68.55
27155.0,63.62
27648.0,62.47
27574.0,61.51
27805.0,62.92
28103.0,63.07
27339.0,61.91
26473.0,61.36
26254.0,61.25
26562.0,67.11
28509.0,71.68
29420.0,72.1
29075.0,70.44
28075.0,68.65
25800.0,59.29
23849.0,53.25
25208.0,54.88
23084.0,51.41
21950.0,49.24
21322.0,49.8
21384.0,49.37
22220.0,49.34
25220.0,50.24
29776.0,51.28
32595.0,54.33
33192.0,55.91
33775.0,55.68
33817.0,54.28
34113.0,54.19
34061.0,54.43
32924.0,54.66
32697.0,54.21
32617.0,54.04
32671.0,61.07
34623.0,72.92
35439.0,75.83
35637.0,74.29
34751.0,70.2
32206.0,65.99
29094.0,62.21
27275.0,63.41
25274.0,57.1
24087.0,54.47
23649.0,53.75
23558.0,53.55
24209.0,53.7
26775.0,64.04
31182.0,71.32
33417.0,74.35
34301.0,72.83
34655.0,71.77
34673.0,71.57
34447.0,70.79
34380.0,70.6
33256.0,71.37
32565.0,71.51
32207.0,71.68
32202.0,72.36
32909.0,78.37
35257.0,79.95
35433.0,80.58
34861.0,76.53
32341.0,67.97
29322.0,62.75
28120.0,66.07
26117.0,61.98
24851.0,59.08
24237.0,56.61
24121.0,56.47
24865.0,57.79
27457.0,66.43
31427.0,71.48
34271.0,74.99
35445.0,74.92
35795.0,73.51
35632.0,71.85
35245.0,70.66
34728.0,70.67
33396.0,71.03
32524.0,69.58
32034.0,74.83
31753.0,75.07
31685.0,77.86
34055.0,79.53
35657.0,79.51
35026.0,75.51
32904.0,71.51
30245.0,65.01
24447.0,63.55
22742.0,58.75
21694.0,54.11
21286.0,53.33
21260.0,53.34
22022.0,57.19
25107.0,67.53
29193.0,67.46
31633.0,71.97
32784.0,72.23
33422.0,72.41
33407.0,72.15
33405.0,71.95
33105.0,72.05
31959.0,71.37
31334.0,70.62
31042.0,70.92
31119.0,71.83
30697.0,77.43
30719.0,78.98
32225.0,78.7
34075.0,69.85
31112.0,63.6
28488.0,62.25
25080.0,60.19
23391.0,56.02
22483.0,52.54
22164.0,50.9
22034.0,48.8
22574.0,48.57
24611.0,49.18
27464.0,52.66
30018.0,57.85
31128.0,62.6
31550.0,64.9
31909.0,62.97
32142.0,60.78
31999.0,56.73
31048.0,53.76
30306.0,52.45
30006.0,52.82
29920.0,59.07
29704.0,66.15
29752.0,68.48
30445.0,64.78
31792.0,59.46
30042.0,55.97
27277.0,54.58
26598.0,51.67
25212.0,49.23
24039.0,47.03
23246.0,44.26
22765.0,39.1
22434.0,40.77
22307.0,39.73
22690.0,43.59
24360.0,43.4
26661.0,50.86
28420.0,51.55
29027.0,50.56
29335.0,51.13
29473.0,51.8
28950.0,47.69
27773.0,48.36
27114.0,54.41
26855.0,58.35
26768.0,72.44
26819.0,76.06
27001.0,74.13
27365.0,72.97
27627.0,68.39
26169.0,63.62
27971.0,55.38
25956.0,51.22
24668.0,49.58
24002.0,48.88
23767.0,48.81
24261.0,49.43
26149.0,66.19
28562.0,68.51
31434.0,73.24
33985.0,70.92
35723.0,71.5
36709.0,68.08
37669.0,67.4
38213.0,66.8
37711.0,65.21
37232.0,64.85
37131.0,64.76
36968.0,66.66
36245.0,77.69
35428.0,74.88
34596.0,74.92
34065.0,73.42
33841.0,67.52
31692.0,65.1
26418.0,56.93
24760.0,53.54
23718.0,50.68
23212.0,48.42
22870.0,48.15
22954.0,50.43
24253.0,62.17
25505.0,64.19
27388.0,69.56
29260.0,68.76
30218.0,67.55
30933.0,65.68
31685.0,64.21
32247.0,64.37
31888.0,60.79
31022.0,56.55
30761.0,56.7
30769.0,64.44
30669.0,68.65
30392.0,70.02
30107.0,70.28
31018.0,67.26
30135.0,60.99
28037.0,52.4
26100.0,47.73
24626.0,47.21
23481.0,44.1
22726.0,41.56
22432.0,40.47
22226.0,45.96
22319.0,48.22
22406.0,52.59
22310.0,61.63
23847.0,62.98
25151.0,63.03
26222.0,61.42
27064.0,62.8
27915.0,63.05
28165.0,60.01
27595.0,59.94
27161.0,62.18
26849.0,64.58
26986.0,70.11
27114.0,73.46
28625.0,74.75
30671.0,72.26
29783.0,66.26
27966.0,64.45
24555.0,61.43
23311.0,56.43
22415.0,52.82
22230.0,49.5
22045.0,49.73
22483.0,54.31
24588.0,63.93
28106.0,69.85
29767.0,73.46
30440.0,71.7
30816.0,70.64
31029.0,69.14
31308.0,69.27
31302.0,68.77
30128.0,65.68
29551.0,65.47
29462.0,65.29
29403.0,70.74
29189.0,76.6
29975.0,78.14
32055.0,78.3
31058.0,74.6
28057.0,66.88
25647.0,64.19
26532.0,63.93
24896.0,59.62
23851.0,53.62
23357.0,52.21
23285.0,51.77
23932.0,52.82
26328.0,60.78
30126.0,65.62
32115.0,73.86
33444.0,73.3
33759.0,73.38
33432.0,72.69
33155.0,69.43
32751.0,66.59
31535.0,69.34
30829.0,68.8
30552.0,70.01
30971.0,73.45
33126.0,77.78
33771.0,78.65
33633.0,77.92
32642.0,72.54
30421.0,69.22
28122.0,64.21
25130.0,66.31
23115.0,63.99
21760.0,62.13
21121.0,56.63
20824.0,54.26
20842.0,53.68
21380.0,54.32
22118.0,55.97
22741.0,61.05
24529.0,63.29
26502.0,63.32
27056.0,64.24
26778.0,67.65
27010.0,64.55
27154.0,65.66
26126.0,63.67
25630.0,65.05
26187.0,71.0
28988.0,77.71
30073.0,78.7
31193.0,76.33
31265.0,74.87
29949.0,67.98
27423.0,62.61
24487.0,64.71
22784.0,61.49
21531.0,55.76
20845.0,52.81
20520.0,51.39
20459.0,51.26
20811.0,50.72
21357.0,51.37
21756.0,52.02
23762.0,53.18
25412.0,59.32
25909.0,61.42
25887.0,61.02
26175.0,58.14
25841.0,53.68
24672.0,51.75
24068.0,51.33
24408.0,62.97
27194.0,70.8
28584.0,72.5
29204.0,71.5
29407.0,65.81
28134.0,63.28
25786.0,60.12
23824.0,53.73
22291.0,52.09
21464.0,48.24
21156.0,43.7
21113.0,42.22
21988.0,48.8
25045.0,52.31
29271.0,61.24
31667.0,67.18
32543.0,65.89
32841.0,64.94
32823.0,63.63
32783.0,63.16
32633.0,64.32
31678.0,63.75
31293.0,63.09
30937.0,63.62
31577.0,66.16
34029.0,72.57
34748.0,73.53
34944.0,72.83
33866.0,71.03
31110.0,64.15
28120.0,58.09
26093.0,54.62
24458.0,54.16
23471.0,52.45
23054.0,49.22
23071.0,48.51
23733.0,53.19
26268.0,61.86
30425.0,67.25
32704.0,71.54
33648.0,69.28
33922.0,69.24
33644.0,67.36
33549.0,68.54
33366.0,68.92
32074.0,66.82
31506.0,66.17
31297.0,66.28
32014.0,70.36
34584.0,76.16
35396.0,76.5
35660.0,76.3
34642.0,74.94
31664.0,71.52
28374.0,64.8
26268.0,63.07
24475.0,60.13
23480.0,54.28
23007.0,54.01
22887.0,54.56
23658.0,59.28
26161.0,71.05
30491.0,76.58
32670.0,76.65
33462.0,75.33
33708.0,75.3
33495.0,73.22
33219.0,71.86
32913.0,72.92
31899.0,73.25
31415.0,72.81
31111.0,72.88
31673.0,76.66
34386.0,80.46
35220.0,80.3
35442.0,80.43
34273.0,74.39
31609.0,66.06
28554.0,62.87
26421.0,70.06
24705.0,63.22
23655.0,60.71
23200.0,58.7
23092.0,55.93
23665.0,60.68
26184.0,65.21
30442.0,73.01
32595.0,76.47
33365.0,75.13
33625.0,72.77
33313.0,71.49
33174.0,68.8
33062.0,69.09
31835.0,68.78
31428.0,67.12
31179.0,66.05
32022.0,73.3
34560.0,80.81
35346.0,83.07
35399.0,73.88
34433.0,66.4
31730.0,62.73
28703.0,56.21
26532.0,59.56
24797.0,54.49
23627.0,49.7
23250.0,49.26
23162.0,48.18
23724.0,48.79
26141.0,55.65
30324.0,67.33
32505.0,74.33
33396.0,73.93
33703.0,73.63
33712.0,72.22
33483.0,69.1
33176.0,68.61
32023.0,67.49
31541.0,64.89
31195.0,65.22
32046.0,72.32
34010.0,77.81
34343.0,77.4
33950.0,70.96
32905.0,65.62
30630.0,63.62
28192.0,56.97
26473.0,64.51
24767.0,61.56
23369.0,55.43
22736.0,54.79
22356.0,54.33
22328.0,53.91
22790.0,54.6
24229.0,58.44
25548.0,62.19
27879.0,65.29
29323.0,68.31
29489.0,65.4
29063.0,63.2
28960.0,61.64
28275.0,57.29
27111.0,53.7
26534.0,54.51
27169.0,61.93
29570.0,65.67
30332.0,65.48
30486.0,62.8
30057.0,56.87
28515.0,55.65
26575.0,52.36
24527.0,53.0
22825.0,50.28
21648.0,43.55
20971.0,39.55
20699.0,33.15
20777.0,34.77
21202.0,37.96
21841.0,40.44
22217.0,42.3
24179.0,50.85
26148.0,51.83
27113.0,51.98
27246.0,53.37
27753.0,51.43
27682.0,49.6
26339.0,45.74
25787.0,45.13
26162.0,52.59
28275.0,57.28
29177.0,61.84
30010.0,58.83
29973.0,58.18
28837.0,56.66
26593.0,52.09
24466.0,28.36
22921.0,22.5
21923.0,23.4
21684.0,23.83
21697.0,20.32
22441.0,28.11
25567.0,43.18
29818.0,53.06
32074.0,57.51
33422.0,55.62
34052.0,55.62
34299.0,55.76
34284.0,55.72
34023.0,55.63
32735.0,56.27
32334.0,55.35
32103.0,57.63
32758.0,64.65
34639.0,75.87
35013.0,75.44
35026.0,75.55
33990.0,74.42
31365.0,70.18
28282.0,65.19
26306.0,64.04
24593.0,62.92
23567.0,61.38
23216.0,61.61
23164.0,61.48
23843.0,62.74
26360.0,65.58
30488.0,69.58
32783.0,74.62
33733.0,73.71
34461.0,72.83
34556.0,72.98
34582.0,71.04
34315.0,72.0
32964.0,71.64
32663.0,70.47
32502.0,71.04
33378.0,72.26
35167.0,76.62
35550.0,75.41
35618.0,73.03
34357.0,71.4
31661.0,65.15
28688.0,60.28
26662.0,61.86
24728.0,53.92
23651.0,50.21
23211.0,49.68
23112.0,49.11
23822.0,49.42
26278.0,51.86
30385.0,66.11
32810.0,69.27
33889.0,69.54
34560.0,69.05
34840.0,68.66
34767.0,64.92
34487.0,64.88
33284.0,64.23
32728.0,64.62
32659.0,65.16
33450.0,70.62
35238.0,74.55
35725.0,73.01
35689.0,72.69
34467.0,69.81
31727.0,64.21
28807.0,63.27
26583.0,58.32
24768.0,54.99
23648.0,51.68
23196.0,51.29
23098.0,51.22
23656.0,51.5
26084.0,57.19
30305.0,68.84
32930.0,71.27
34098.0,69.02
34732.0,67.64
34688.0,65.55
34538.0,63.55
34325.0,63.78
33052.0,62.22
32625.0,63.18
32523.0,64.61
33508.0,69.11
35654.0,75.67
36128.0,73.42
36327.0,72.32
35421.0,68.95
32870.0,63.81
29790.0,58.48
27232.0,54.56
25207.0,50.88
24048.0,49.16
23458.0,48.73
23383.0,48.77
24036.0,49.66
26600.0,53.1
31238.0,64.9
33957.0,71.11
35097.0,69.21
35527.0,67.79
35315.0,67.15
35203.0,66.5
34875.0,66.23
33609.0,65.29
32938.0,65.25
32663.0,66.72
33562.0,71.55
35413.0,74.52
35390.0,72.44
35306.0,68.96
34416.0,65.75
32409.0,58.39
29758.0,53.33
27516.0,50.86
25506.0,49.96
23896.0,47.39
23141.0,45.25
22779.0,44.92
22691.0,45.02
23274.0,44.88
24649.0,49.01
26178.0,51.01
28930.0,53.43
31115.0,55.68
31724.0,54.84
31555.0,54.67
31607.0,56.55
30919.0,58.99
29882.0,55.78
29188.0,54.07
29440.0,58.26
31283.0,68.69
31633.0,69.2
31885.0,68.88
31562.0,68.47
30006.0,63.71
27812.0,55.4
25581.0,53.58
23551.0,51.23
22143.0,50.65
21293.0,49.93
20837.0,49.39
20845.0,49.38
21348.0,49.66
22055.0,49.49
22547.0,50.39
24552.0,53.03
26833.0,53.47
27938.0,58.82
28072.0,56.14
28735.0,63.85
28817.0,64.03
27541.0,54.87
26765.0,53.39
27199.0,56.33
29440.0,67.5
30373.0,71.49
31164.0,72.28
31272.0,73.26
29937.0,70.32
27492.0,64.62
24874.0,59.7
23045.0,53.12
22048.0,51.83
21580.0,51.21
21658.0,50.87
22587.0,52.12
25563.0,62.6
29756.0,71.43
32876.0,75.17
34081.0,72.6
34754.0,72.12
34574.0,70.32
34267.0,70.34
34084.0,71.07
32731.0,71.55
32205.0,70.6
32281.0,72.32
33342.0,76.78
35529.0,83.68
36034.0,82.83
36243.0,79.31
35396.0,75.67
32714.0,70.78
29423.0,68.89
27010.0,69.48
25014.0,67.78
23930.0,63.9
23307.0,62.62
23185.0,62.29
23932.0,61.54
26546.0,66.77
31250.0,73.09
34101.0,77.27
35031.0,76.48
35317.0,75.77
34982.0,75.59
34732.0,73.39
34478.0,73.26
33451.0,74.01
32942.0,73.84
32833.0,72.63
33838.0,74.72
35777.0,77.19
36352.0,77.1
36572.0,76.5
35472.0,71.79
32893.0,66.75
29735.0,61.93
27142.0,58.23
25133.0,52.05
23846.0,49.82
23414.0,49.21
23251.0,49.33
23912.0,50.22
26558.0,52.7
31109.0,63.09
33779.0,68.32
34589.0,67.66
34741.0,67.01
34610.0,65.34
34483.0,65.44
34197.0,65.74
33239.0,64.45
32760.0,64.74
32541.0,65.71
33609.0,68.64
35669.0,74.13
36069.0,75.32
36264.0,75.39
35379.0,73.96
32748.0,67.08
29691.0,64.29
26945.0,63.26
24979.0,60.16
24270.0,56.48
23861.0,55.26
23333.0,55.31
23974.0,58.71
26458.0,63.01
31003.0,68.98
33937.0,74.22
34518.0,72.41
34630.0,74.9
34385.0,74.67
34075.0,75.45
33868.0,74.4
32821.0,74.86
32354.0,74.48
32234.0,74.63
32736.0,75.24
34743.0,80.87
36111.0,81.17
36294.0,80.97
35645.0,78.91
32936.0,75.67
29824.0,74.38
27401.0,74.36
25610.0,71.91
24358.0,67.7
23912.0,61.39
23696.0,60.4
24282.0,66.07
26709.0,72.14
30993.0,73.9
33169.0,78.02
34162.0,75.57
34650.0,76.83
34817.0,75.91
34754.0,75.19
34549.0,74.2
33346.0,73.19
32570.0,74.21
32243.0,74.96
32132.0,75.18
32786.0,78.52
34572.0,78.29
34460.0,77.95
33825.0,72.59
31684.0,70.08
29391.0,68.22
28222.0,73.54
26043.0,65.35
24512.0,58.05
23689.0,57.39
23345.0,56.76
23297.0,56.06
23967.0,56.89
24770.0,59.1
26792.0,64.64
29504.0,67.73
30974.0,71.79
31078.0,64.8
30472.0,65.38
30197.0,63.28
29376.0,57.72
27960.0,55.91
27260.0,57.56
26861.0,65.42
27280.0,73.32
29738.0,74.27
31884.0,67.26
31951.0,61.17
30611.0,59.17
28515.0,56.53
26457.0,54.87
24916.0,50.7
23893.0,49.67
23301.0,43.41
23178.0,41.47
23647.0,41.53
26159.0,42.79
29881.0,47.23
31954.0,49.12
33187.0,51.17
33671.0,53.1
33646.0,54.38
33734.0,54.26
33482.0,55.94
32433.0,56.2
31728.0,56.68
31145.0,55.16
30914.0,57.16
30656.0,65.9
30843.0,68.24
32334.0,70.99
33776.0,71.74
30971.0,67.73
28642.0,61.52
25309.0,56.59
23621.0,52.37
22526.0,51.33
22164.0,51.07
21954.0,49.99
22469.0,51.02
24634.0,61.35
27330.0,71.07
29877.0,75.03
30980.0,73.78
31553.0,75.87
32023.0,74.26
32282.0,72.89
32033.0,69.65
30786.0,70.39
30127.0,72.53
29814.0,73.66
29672.0,75.04
29519.0,79.62
29568.0,80.45
30335.0,79.04
31592.0,73.47
30031.0,70.38
27303.0,68.68
24574.0,70.56
23156.0,67.38
21998.0,65.04
21301.0,60.53
20850.0,59.37
20666.0,59.83
20366.0,68.39
20034.0,71.81
21041.0,69.63
22806.0,69.96
24201.0,71.68
25095.0,71.85
25599.0,70.35
26112.0,70.42
26208.0,70.85
25302.0,71.61
24715.0,71.51
24593.0,73.03
24901.0,77.72
25363.0,78.9
26019.0,76.15
27229.0,72.14
28303.0,69.85
26732.0,67.12
29806.0,71.49
27786.0,66.41
26361.0,59.79
25738.0,57.44
25444.0,57.46
25615.0,59.05
27052.0,66.06
28999.0,74.76
31369.0,76.61
33817.0,75.34
35353.0,75.86
36121.0,73.65
36929.0,72.91
37399.0,71.42
36776.0,70.84
36133.0,69.76
36034.0,71.43
35918.0,75.71
35255.0,79.59
34570.0,78.8
33898.0,76.52
33567.0,72.26
33325.0,65.67
31051.0,63.75
26492.0,61.87
24849.0,57.57
23794.0,53.38
23169.0,50.85
22967.0,50.61
23178.0,52.22
24368.0,57.67
25728.0,64.39
27588.0,65.46
29645.0,63.84
31091.0,63.34
31887.0,60.84
32494.0,58.88
32771.0,58.06
32139.0,57.39
31224.0,56.91
31047.0,58.43
31023.0,66.0
30832.0,74.66
30597.0,73.17
30206.0,69.96
30956.0,64.8
30094.0,62.09
28035.0,57.71
26083.0,56.63
24650.0,54.56
23786.0,52.76
23230.0,51.55
23137.0,49.29
23495.0,51.78
25828.0,57.16
28868.0,66.2
30775.0,70.3
32542.0,69.13
33657.0,68.74
34629.0,66.36
35548.0,63.3
36077.0,61.99
35374.0,62.07
34965.0,63.63
35201.0,63.64
35293.0,72.92
34691.0,77.06
33946.0,74.72
34611.0,71.36
35029.0,68.75
31817.0,64.72
29247.0,60.72
24185.0,59.68
22868.0,55.6
22096.0,54.26
21660.0,52.2
21439.0,52.31
21193.0,51.97
21232.0,53.7
21950.0,57.57
22256.0,60.84
23626.0,65.06
25143.0,67.77
25945.0,67.33
26451.0,65.46
26822.0,67.08
26079.0,67.05
24623.0,65.71
23813.0,65.77
23725.0,68.19
24066.0,73.98
25578.0,74.07
28068.0,74.34
28141.0,74.0
26390.0,72.0
24472.0,68.83
26394.0,71.19
24507.0,68.89
23307.0,65.19
22619.0,62.11
22246.0,59.7
22181.0,59.11
22691.0,56.18
23937.0,58.96
25342.0,60.25
27640.0,64.71
29042.0,67.94
29141.0,67.8
28860.0,68.02
28902.0,69.42
28364.0,67.99
27259.0,65.39
26623.0,65.22
26808.0,68.07
28707.0,74.27
29507.0,75.6
29710.0,74.68
29484.0,74.53
28211.0,72.58
26408.0,69.07
24929.0,68.21
23127.0,63.27
22055.0,56.44
21716.0,55.07
21803.0,54.59
22638.0,56.06
25678.0,64.37
30607.0,72.64
33691.0,77.37
34543.0,76.3
34753.0,77.54
34522.0,76.31
33763.0,76.21
33501.0,74.64
32515.0,74.09
32197.0,74.41
32332.0,75.21
33167.0,76.59
35325.0,83.68
36178.0,85.65
36271.0,85.02
35471.0,75.73
32745.0,72.8
29600.0,70.82
27313.0,73.89
25210.0,70.56
24026.0,66.0
23486.0,64.88
23524.0,63.35
24266.0,63.4
26741.0,65.47
31612.0,74.84
34426.0,77.96
35301.0,77.76
35388.0,78.34
35151.0,77.44
34703.0,76.24
34406.0,73.19
33447.0,74.37
33087.0,74.13
33214.0,74.59
34307.0,75.73
36533.0,79.25
36954.0,79.36
37127.0,77.67
36210.0,72.37
33462.0,69.25
29984.0,65.97
27890.0,64.53
25918.0,58.18
24523.0,56.27
23851.0,53.66
23665.0,53.04
24408.0,56.25
27066.0,64.85
31949.0,74.75
34471.0,78.15
35130.0,78.72
35456.0,78.57
35300.0,78.37
35080.0,77.65
34849.0,76.16
34106.0,75.86
33862.0,75.58
33937.0,75.29
34909.0,76.95
36629.0,83.39
37006.0,84.65
37085.0,81.93
36273.0,74.33
33428.0,69.98
30117.0,68.58
27758.0,72.72
25649.0,66.35
24391.0,62.5
23736.0,59.0
23728.0,58.66
24367.0,63.02
26803.0,73.65
31687.0,77.34
34413.0,80.51
35222.0,80.53
35670.0,81.61
35694.0,81.53
35656.0,79.18
35481.0,76.82
34494.0,76.1
34124.0,76.05
34239.0,75.45
35344.0,77.06
36804.0,82.79
37104.0,83.09
37105.0,78.99
36203.0,72.22
33464.0,71.68
30232.0,68.38
27953.0,62.71
25760.0,58.85
24501.0,57.18
23854.0,56.22
23701.0,55.25
24286.0,57.91
26779.0,66.28
31491.0,75.54
34333.0,82.15
35514.0,80.79
36048.0,80.92
36021.0,78.35
35726.0,74.96
35766.0,73.43
34601.0,71.63
34066.0,71.5
34026.0,75.6
34708.0,80.65
36101.0,85.4
35951.0,81.28
35756.0,77.18
34757.0,75.48
32493.0,69.58
29913.0,68.57
27844.0,66.07
25651.0,58.31
24049.0,56.61
23288.0,54.07
22861.0,51.88
22784.0,52.76
23343.0,54.09
24859.0,56.81
26515.0,62.29
28973.0,63.39
30963.0,65.92
31506.0,63.76
31168.0,63.3
31170.0,63.85
30649.0,64.14
29386.0,57.57
28740.0,61.48
29320.0,66.95
31602.0,74.66
32245.0,75.91
32485.0,69.29
32139.0,69.42
30423.0,64.56
28390.0,60.29
25996.0,55.4
23974.0,54.05
22487.0,50.71
21691.0,49.77
21213.0,48.85
21174.0,50.11
21728.0,50.45
22501.0,52.19
23383.0,51.76
25478.0,55.08
27931.0,58.76
28944.0,59.37
29075.0,59.69
29471.0,64.51
29443.0,64.82
28229.0,60.42
27485.0,60.33
27965.0,66.11
30397.0,75.1
31435.0,77.08
32441.0,76.86
32529.0,76.69
31290.0,74.01
28918.0,67.28
26213.0,62.18
24143.0,56.76
23005.0,55.09
22404.0,51.52
22479.0,51.13
23089.0,54.82
26029.0,64.89
30994.0,76.18
34523.0,81.49
35861.0,79.28
36660.0,80.43
36635.0,80.59
36446.0,80.34
36469.0,78.45
35523.0,77.55
35023.0,76.63
35153.0,75.92
35883.0,77.25
37505.0,82.24
37749.0,82.2
37697.0,81.82
36734.0,77.29
34068.0,75.3
30621.0,73.12
28068.0,67.4
25800.0,59.88
24405.0,56.7
23822.0,55.4
23605.0,54.28
24338.0,56.88
26918.0,65.31
31609.0,73.95
34613.0,78.26
35888.0,77.78
36408.0,78.58
36104.0,78.45
35720.0,77.31
35394.0,75.61
34368.0,74.42
33914.0,72.89
33856.0,73.16
34817.0,75.39
36739.0,81.58
37242.0,81.24
37440.0,80.48
36712.0,76.34
34113.0,72.24
30890.0,68.48
28076.0,64.04
25678.0,59.14
24346.0,55.64
23808.0,54.5
23615.0,52.76
24361.0,55.0
26760.0,63.7
31516.0,72.08
34752.0,76.34
35620.0,76.82
35877.0,77.58
35544.0,76.58
34991.0,74.87
34681.0,73.65
33687.0,73.39
33314.0,73.77
33281.0,75.07
34041.0,79.68
36060.0,84.66
36387.0,84.43
36664.0,82.27
36214.0,77.8
33863.0,74.53
30668.0,72.25
28092.0,71.69
25604.0,64.25
24131.0,57.59
23524.0,56.26
23374.0,56.14
23915.0,56.55
26454.0,63.03
30856.0,74.2
34078.0,78.24
35135.0,78.23
35398.0,78.68
34899.0,77.91
34327.0,76.25
33851.0,74.96
32728.0,75.0
32298.0,74.68
32327.0,74.77
33209.0,78.91
35337.0,85.17
35700.0,84.84
35647.0,81.8
35038.0,78.29
32931.0,75.23
29986.0,72.92
27231.0,73.5
24975.0,65.73
23496.0,59.87
22776.0,56.41
22500.0,56.31
22996.0,56.35
25181.0,63.79
28874.0,74.97
31898.0,78.36
33735.0,77.18
34240.0,77.57
33709.0,76.74
32899.0,76.76
32381.0,75.59
31138.0,75.27
30285.0,73.9
30102.0,74.65
30766.0,75.58
32985.0,79.28
33432.0,78.4
33369.0,78.11
32678.0,77.0
30819.0,74.37
28420.0,72.42
25917.0,70.22
23687.0,60.0
22110.0,54.84
21269.0,53.32
20773.0,52.12
20698.0,51.81
21166.0,53.21
22453.0,57.11
23980.0,59.47
26541.0,67.32
28371.0,71.25
28470.0,67.97
27822.0,66.06
27520.0,66.64
26986.0,65.47
26131.0,59.39
25856.0,58.52
26502.0,65.13
29464.0,75.08
30026.0,76.04
28886.0,76.59
27120.0,76.97
24869.0,68.58
23761.0,65.58
22962.0,58.17
21851.0,55.51
20370.0,51.93
19196.0,50.75
18512.0,50.18
18380.0,49.97
18545.0,50.44
18946.0,50.41
19109.0,51.08
20404.0,53.34
22488.0,55.74
23715.0,56.13
23990.0,55.83
24026.0,56.24
23267.0,56.88
21636.0,54.5
21237.0,54.11
21856.0,57.65
24511.0,68.49
25670.0,73.88
26483.0,76.61
26911.0,78.86
26663.0,76.49
24985.0,71.16
22696.0,66.97
20729.0,58.35
19511.0,56.23
18792.0,54.53
18574.0,53.13
18853.0,53.63
19817.0,56.49
21274.0,62.77
22442.0,74.83
24316.0,71.33
26125.0,70.46
26895.0,65.42
26690.0,61.68
26985.0,62.83
26434.0,62.33
25394.0,60.15
24851.0,59.76
25216.0,66.83
27775.0,74.07
28829.0,73.52
29574.0,74.84
29929.0,73.28
28842.0,69.01
26449.0,61.11
24118.0,58.0
21924.0,55.42
20676.0,54.09
20126.0,52.54
20122.0,52.38
20660.0,54.17
22713.0,61.15
26071.0,71.72
29067.0,75.46
31446.0,75.45
32662.0,77.18
32555.0,74.64
32038.0,73.91
31950.0,73.12
31012.0,72.18
30070.0,71.11
29807.0,70.8
30546.0,76.77
32767.0,81.36
33216.0,81.13
33347.0,80.53
32974.0,80.32
30865.0,76.61
28092.0,72.21
25407.0,62.76
22992.0,55.15
21601.0,53.08
20961.0,51.05
20807.0,51.21
21291.0,51.33
23242.0,53.6
26509.0,61.93
29384.0,72.85
31589.0,72.84
32653.0,73.96
32668.0,71.82
32157.0,69.87
32099.0,68.99
30976.0,67.09
30032.0,66.83
29877.0,66.56
30493.0,71.91
32627.0,78.09
33146.0,78.27
33197.0,78.17
32743.0,77.21
30756.0,72.01
27896.0,66.23
25391.0,58.85
23130.0,54.66
21862.0,52.5
21252.0,49.45
21127.0,49.37
21642.0,51.94
23508.0,55.48
26666.0,62.72
29477.0,69.97
31688.0,71.06
32794.0,73.42
32663.0,70.49
32012.0,70.17
31855.0,69.76
30861.0,68.6
29912.0,67.76
29666.0,67.48
30436.0,71.15
32585.0,78.31
33207.0,78.24
33428.0,78.38
33016.0,77.42
31138.0,73.04
28283.0,70.48
25582.0,70.4
23288.0,59.95
21967.0,58.17
21311.0,56.31
21119.0,55.09
21576.0,56.65
23392.0,61.37
26578.0,72.89
29337.0,75.34
31765.0,73.5
32963.0,74.89
32865.0,73.75
32106.0,72.67
31791.0,72.14
30749.0,70.6
29617.0,69.23
29322.0,70.38
29984.0,74.59
32150.0,81.93
32969.0,80.93
32987.0,79.49
32566.0,77.2
30813.0,75.52
28390.0,73.46
25926.0,71.38
23679.0,63.45
22090.0,60.1
21152.0,56.67
20732.0,56.0
20794.0,55.83
21398.0,57.51
22600.0,60.54
24132.0,64.57
26716.0,66.45
28995.0,70.9
29453.0,67.39
28911.0,66.35
28763.0,66.44
28142.0,66.37
27152.0,64.67
26696.0,64.69
27334.0,69.16
30503.0,78.5
31592.0,78.41
30751.0,77.64
29061.0,77.32
26699.0,74.07
25452.0,70.6
24401.0,67.85
23393.0,68.2
21909.0,63.6
20615.0,59.54
19628.0,56.52
19252.0,54.65
19351.0,54.16
19691.0,54.28
19600.0,54.26
20238.0,54.97
22001.0,54.99
23417.0,57.47
24064.0,59.12
24655.0,58.23
24680.0,56.56
23427.0,56.73
22972.0,57.24
23540.0,62.94
26259.0,69.63
27668.0,70.58
28683.0,72.12
29180.0,68.79
28618.0,66.8
26357.0,60.59
27653.0,64.04
25598.0,59.11
24398.0,56.35
23780.0,54.6
23657.0,54.29
24335.0,56.04
26983.0,60.1
31816.0,66.4
34581.0,73.37
35414.0,72.19
35533.0,76.33
35407.0,74.26
35145.0,74.09
34889.0,71.77
33733.0,68.43
33114.0,67.27
32743.0,68.1
32689.0,76.3
33801.0,82.18
35786.0,83.37
36345.0,79.21
35573.0,73.19
32880.0,67.48
29812.0,67.02
26347.0,62.12
24657.0,60.16
23882.0,57.26
23612.0,52.61
23467.0,52.73
24098.0,57.1
26602.0,64.61
30687.0,75.99
32919.0,77.75
34074.0,78.92
34355.0,82.91
33995.0,83.36
33639.0,81.58
33358.0,79.77
32250.0,77.96
31453.0,77.05
30889.0,77.9
30682.0,80.05
30784.0,84.23
33688.0,84.91
34917.0,84.77
34323.0,79.19
31833.0,75.83
29058.0,74.36
26130.0,69.61
24570.0,63.2
23293.0,60.67
22615.0,58.75
22292.0,57.84
22100.0,59.48
22659.0,68.36
23635.0,77.19
24725.0,79.16
27086.0,81.03
28399.0,82.3
28306.0,82.39
27974.0,78.97
27906.0,77.52
27147.0,75.31
25954.0,73.51
25087.0,74.34
24709.0,78.73
24635.0,84.87
24884.0,84.48
26733.0,83.59
29226.0,77.14
27955.0,71.54
26459.0,69.52
23330.0,58.58
21563.0,56.29
20403.0,57.67
19606.0,55.28
19306.0,48.78
19272.0,51.66
19522.0,60.77
19436.0,71.02
20389.0,76.18
22292.0,78.64
23646.0,80.23
24305.0,79.94
24397.0,79.89
24593.0,77.51
24244.0,77.5
23098.0,77.16
22363.0,76.32
22032.0,80.72
22179.0,84.12
22613.0,85.89
23947.0,84.16
26841.0,80.24
26717.0,73.53
24761.0,76.06
25976.0,67.4
24698.0,62.4
23729.0,61.49
23415.0,57.99
23243.0,56.65
23753.0,57.95
25294.0,63.81
27700.0,68.62
29746.0,73.33
30959.0,73.58
31728.0,79.11
32469.0,78.57
33069.0,79.71
33291.0,78.36
32499.0,76.29
32097.0,73.59
32272.0,74.14
32419.0,78.6
32012.0,82.84
31450.0,83.76
31418.0,84.13
31650.0,82.7
30594.0,80.49
28217.0,77.79
26689.0,73.6
25231.0,67.98
24075.0,64.99
23445.0,61.41
23085.0,59.88
22815.0,60.57
22707.0,62.76
23013.0,65.13
24436.0,68.71
26247.0,73.17
27738.0,79.18
28385.0,76.37
28687.0,76.42
28631.0,75.92
28035.0,76.1
26843.0,71.46
26234.0,66.48
25998.0,76.38
25906.0,83.04
26105.0,84.6
26407.0,80.97
26883.0,80.41
27309.0,76.67
25939.0,73.17
28638.0,76.08
26969.0,68.98
25783.0,64.31
25164.0,59.1
24809.0,57.25
25131.0,56.44
26777.0,56.77
28697.0,59.44
31197.0,60.28
33525.0,61.34
34941.0,64.74
35752.0,67.49
36499.0,73.0
36762.0,70.76
36049.0,64.98
35153.0,60.35
34880.0,61.61
34727.0,67.76
34294.0,77.95
33754.0,82.73
33208.0,80.36
33519.0,78.56
33046.0,78.05
30749.0,73.04
26679.0,66.19
25178.0,61.48
24095.0,58.87
23729.0,56.8
23539.0,55.84
23864.0,61.18
25583.0,73.09
27699.0,83.74
29156.0,85.93
30972.0,90.18
31788.0,92.48
32606.0,92.51
33368.0,92.83
33688.0,86.97
32796.0,86.17
31744.0,84.24
31459.0,82.74
31430.0,88.39
30997.0,94.53
30577.0,93.83
30866.0,90.48
31754.0,82.37
29437.0,78.81
27444.0,73.94
23790.0,66.64
22473.0,62.12
21526.0,59.38
21044.0,57.07
20651.0,55.2
20589.0,58.42
20878.0,64.92
21318.0,76.47
21441.0,82.63
22811.0,83.2
24314.0,84.68
25050.0,83.22
25398.0,81.46
26034.0,79.02
25790.0,77.96
24686.0,74.29
24022.0,73.0
23845.0,76.81
23901.0,83.44
24800.0,85.13
27613.0,85.39
28173.0,80.79
26868.0,77.44
25179.0,69.19
24594.0,64.7
23449.0,61.54
22498.0,57.28
22025.0,57.23
21562.0,55.91
21405.0,57.79
21451.0,64.5
21734.0,77.42
22264.0,85.79
24041.0,86.79
25137.0,88.47
25488.0,88.64
25554.0,88.32
25816.0,87.07
25439.0,87.49
24297.0,86.36
23553.0,86.85
23560.0,94.56
25710.0,100.58
27176.0,100.46
27859.0,97.48
27407.0,88.81
26086.0,87.38
24229.0,86.05
28697.0,80.84
26702.0,71.71
25472.0,67.1
24981.0,64.31
24816.0,62.67
25507.0,65.89
28185.0,79.63
32933.0,87.44
35480.0,95.71
36591.0,96.76
37038.0,96.88
36861.0,94.89
36559.0,92.24
36569.0,89.3
35546.0,87.6
35054.0,85.16
34972.0,85.09
35484.0,88.24
37231.0,92.43
37590.0,91.55
37403.0,88.48
36414.0,83.0
34196.0,77.54
31555.0,74.15
27809.0,66.1
25711.0,60.84
24333.0,57.13
23765.0,53.66
23704.0,49.86
24421.0,54.07
27034.0,59.94
31836.0,64.87
34619.0,78.63
35445.0,84.89
36050.0,86.58
35916.0,84.66
35512.0,82.22
35393.0,79.51
34207.0,78.75
33597.0,77.42
33316.0,78.68
33678.0,83.98
35646.0,91.37
36778.0,95.88
36702.0,95.51
36061.0,89.99
33806.0,88.65
31023.0,87.68
28770.0,82.15
26558.0,72.89
25029.0,67.51
24220.0,63.73
23872.0,58.55
23890.0,60.75
24341.0,63.54
25915.0,65.9
27647.0,67.89
30303.0,75.98
32533.0,77.4
32852.0,75.35
32263.0,69.15
32193.0,67.52
31590.0,65.53
30336.0,65.89
29549.0,65.4
29567.0,70.65
31858.0,87.05
33480.0,89.66
34018.0,86.17
33936.0,84.57
32418.0,80.2
30070.0,77.68
27627.0,73.26
25301.0,68.18
23640.0,63.97
22714.0,61.73
22347.0,58.97
22251.0,59.44
22617.0,59.99
23525.0,61.46
24293.0,64.03
26420.0,66.51
28842.0,68.82
29818.0,69.53
29728.0,66.88
30013.0,68.87
29842.0,65.96
28530.0,65.55
27879.0,65.56
27969.0,68.14
30356.0,79.71
32468.0,87.53
33681.0,86.95
33716.0,84.26
32628.0,82.75
29873.0,76.9
27068.0,66.1
24922.0,60.14
23619.0,56.67
23176.0,51.62
22863.0,49.02
23788.0,56.79
27035.0,66.28
32351.0,74.29
36036.0,84.14
37265.0,87.17
37692.0,89.39
37161.0,88.0
36627.0,86.31
36550.0,84.4
35333.0,81.81
34814.0,78.9
34559.0,78.59
34907.0,83.31
36845.0,90.77
38147.0,93.82
38446.0,93.54
37607.0,88.89
34724.0,85.93
31226.0,77.83
28706.0,69.03
26430.0,67.01
25148.0,62.4
24789.0,59.11
24733.0,56.75
25262.0,59.36
27948.0,67.23
32867.0,77.52
36082.0,88.37
37153.0,91.24
37865.0,91.9
37623.0,90.38
37166.0,88.59
36990.0,86.57
35643.0,84.27
35354.0,83.28
35329.0,82.84
35770.0,86.87
37866.0,93.7
39632.0,96.06
39797.0,96.02
38993.0,93.89
36134.0,88.66
32398.0,82.72
29628.0,73.96
27299.0,68.74
25941.0,65.78
25542.0,64.88
25424.0,62.85
26017.0,65.56
28663.0,69.74
33897.0,84.84
37667.0,95.28
39131.0,92.92
39842.0,94.71
39868.0,92.92
39654.0,91.91
39484.0,91.12
38300.0,88.37
37796.0,88.62
37687.0,88.92
38115.0,92.79
39783.0,103.65
40939.0,104.94
41015.0,104.28
39736.0,101.81
36637.0,96.58
33068.0,92.16
30076.0,86.48
27650.0,77.81
26275.0,74.31
25825.0,73.82
25649.0,73.7
26250.0,74.31
28889.0,80.9
33920.0,95.39
37527.0,101.78
38984.0,102.51
39986.0,102.77
40295.0,103.51
40133.0,101.24
40065.0,99.81
38851.0,100.95
38297.0,99.14
38119.0,98.58
38594.0,100.52
39898.0,106.03
40916.0,107.12
40900.0,104.82
39880.0,98.94
37090.0,94.07
33495.0,91.93
30667.0,87.66
28269.0,79.83
26817.0,77.18
26223.0,76.69
26095.0,76.97
26604.0,78.27
29318.0,84.71
34257.0,96.29
37500.0,105.11
39114.0,106.87
40006.0,107.49
40116.0,107.49
39725.0,105.52
39293.0,101.52
37835.0,100.24
37048.0,99.49
36721.0,97.87
36795.0,106.77
38078.0,109.36
39120.0,110.63
38796.0,110.19
37945.0,102.76
35453.0,101.3
32611.0,98.19
30075.0,93.83
27757.0,85.72
25975.0,79.85
25056.0,78.56
24438.0,76.79
24417.0,77.58
24875.0,76.94
26463.0,78.33
28265.0,82.95
31408.0,90.05
34112.0,89.8
34792.0,85.44
34356.0,84.73
34297.0,84.88
33333.0,84.3
31888.0,81.59
31102.0,76.47
31028.0,81.53
32638.0,100.55
34090.0,102.04
34712.0,97.58
34569.0,98.27
32963.0,93.72
30681.0,90.51
28200.0,87.51
25768.0,81.67
24031.0,74.72
23079.0,71.82
22580.0,68.55
22696.0,68.22
22997.0,68.7
23847.0,68.78
24524.0,72.32
26586.0,77.22
29169.0,79.47
30246.0,81.64
30251.0,81.39
30627.0,76.14
30482.0,73.2
29252.0,70.85
28638.0,70.61
28435.0,74.52
30547.0,93.86
32702.0,100.39
33840.0,100.04
34178.0,94.27
32866.0,92.0
30048.0,86.23
27029.0,76.94
25071.0,73.71
23793.0,68.54
23347.0,67.61
23349.0,66.85
24201.0,69.66
27475.0,86.21
32669.0,99.81
36248.0,100.29
37560.0,101.59
38449.0,102.79
38306.0,101.15
37793.0,100.03
37568.0,98.29
36288.0,95.7
35863.0,91.63
35490.0,90.95
35626.0,95.84
37127.0,103.26
38869.0,109.85
39168.0,109.72
38115.0,98.95
35277.0,93.73
31761.0,93.23
29169.0,93.56
26829.0,84.18
25568.0,76.68
24972.0,76.51
24922.0,75.72
25463.0,76.54
28208.0,86.45
33259.0,100.02
36556.0,101.75
37739.0,101.89
38374.0,103.09
37969.0,102.63
37271.0,101.64
36802.0,100.05
35641.0,95.79
35021.0,92.14
34652.0,90.6
34742.0,97.53
36554.0,108.46
38643.0,110.16
38998.0,110.16
37982.0,103.69
35193.0,100.76
31729.0,97.56
29068.0,103.11
26858.0,91.2
25638.0,85.5
25118.0,83.31
24948.0,81.23
25603.0,82.36
28437.0,85.56
33611.0,99.07
36926.0,104.48
38060.0,105.74
38585.0,106.6
38263.0,104.95
37604.0,104.28
37362.0,102.64
36139.0,96.3
35451.0,94.68
35190.0,93.53
35420.0,99.67
37102.0,110.86
39053.0,112.71
39214.0,112.81
38149.0,111.1
35507.0,106.02
32115.0,103.21
29522.0,97.78
27313.0,96.34
26041.0,88.7
25476.0,85.53
25271.0,84.25
25958.0,84.58
28740.0,85.99
33642.0,94.04
36773.0,103.87
37957.0,103.62
38636.0,102.29
38473.0,98.48
38122.0,97.31
37866.0,95.43
36553.0,93.52
36146.0,92.37
36119.0,92.13
36543.0,95.29
37885.0,104.5
39252.0,106.24
39243.0,104.13
38144.0,98.72
35466.0,95.42
32174.0,89.25
29537.0,74.69
27250.0,71.33
25869.0,68.66
25236.0,66.66
24997.0,66.14
25608.0,68.66
28248.0,71.54
33033.0,84.63
35985.0,94.04
37267.0,101.2
37990.0,101.25
38084.0,97.24
37803.0,91.73
37631.0,86.76
36232.0,85.01
35492.0,82.77
35188.0,83.22
35249.0,86.22
36203.0,96.21
37561.0,95.81
37393.0,88.89
36570.0,85.95
34319.0,82.12
31610.0,78.02
29408.0,67.93
27207.0,64.34
25436.0,60.96
24624.0,49.35
24242.0,48.46
24065.0,47.84
24600.0,53.14
26096.0,57.58
27687.0,61.52
30275.0,70.26
32517.0,75.92
32724.0,72.64
32220.0,71.61
31970.0,68.05
31273.0,67.19
30175.0,64.25
29366.0,65.12
29131.0,68.17
30621.0,86.42
32659.0,87.16
33248.0,86.72
33188.0,86.57
31820.0,84.1
29759.0,77.03
27404.0,68.81
25042.0,67.98
23361.0,61.06
22548.0,56.61
22224.0,53.43
22292.0,54.29
22587.0,55.33
23386.0,57.93
23972.0,61.49
26114.0,68.69
28400.0,73.44
29353.0,72.8
29205.0,74.9
29504.0,72.29
29300.0,69.91
27949.0,67.08
27180.0,67.5
27128.0,68.31
29145.0,83.71
31692.0,86.57
32955.0,87.17
33028.0,87.05
31632.0,85.36
29020.0,77.79
26379.0,66.62
24350.0,61.19
23251.0,54.09
22869.0,52.05
22813.0,52.19
23610.0,55.91
26813.0,64.55
31867.0,83.23
34960.0,86.39
36057.0,86.92
36302.0,88.21
36148.0,87.77
35733.0,87.73
35501.0,86.2
34362.0,84.99
33739.0,83.75
33432.0,83.15
33443.0,86.14
34729.0,95.69
36706.0,98.52
37047.0,96.38
36175.0,89.34
33521.0,85.78
30238.0,82.37
27848.0,68.63
25847.0,63.64
24613.0,61.73
24165.0,60.67
24065.0,58.59
24607.0,62.65
27360.0,69.31
32285.0,83.54
35016.0,86.39
35624.0,87.1
35741.0,88.89
35311.0,88.15
35025.0,88.39
34859.0,87.88
33713.0,87.48
33232.0,87.45
33016.0,86.94
32894.0,87.68
34101.0,100.49
36311.0,102.64
36661.0,96.37
36023.0,89.65
33281.0,87.49
30005.0,85.67
23755.0,77.85
21649.0,68.55
20422.0,67.55
19846.0,62.31
19749.0,61.55
20450.0,63.39
22781.0,70.68
25922.0,82.59
28485.0,86.51
30812.0,86.41
32838.0,88.02
33448.0,87.3
33400.0,85.86
33486.0,83.64
32622.0,80.99
31811.0,77.67
31522.0,74.52
32181.0,78.83
34087.0,86.47
34713.0,88.13
34955.0,85.9
34572.0,82.35
32689.0,71.6
29723.0,64.86
27587.0,48.85
25493.0,46.24
24283.0,45.29
23952.0,40.19
23845.0,38.21
24354.0,40.65
26908.0,47.65
31603.0,61.67
34002.0,66.24
34846.0,67.9
35139.0,69.02
35183.0,67.93
35500.0,68.21
35614.0,63.64
34413.0,60.99
33929.0,57.09
33568.0,55.58
33393.0,58.94
34282.0,68.15
36010.0,72.3
36299.0,72.36
35271.0,70.79
32830.0,59.83
29691.0,53.06
26993.0,49.7
25217.0,43.42
24086.0,42.75
23766.0,40.87
23641.0,40.99
24300.0,44.42
26804.0,49.59
30704.0,62.01
32938.0,68.32
33906.0,67.23
34068.0,66.91
33773.0,66.25
33213.0,65.27
32803.0,64.3
31595.0,62.87
30996.0,59.5
30587.0,57.66
30406.0,62.06
30696.0,66.62
33562.0,68.55
34913.0,64.61
34123.0,62.08
31719.0,53.27
28894.0,49.93
24699.0,44.84
23083.0,42.62
21821.0,40.35
21246.0,41.44
20954.0,40.74
20866.0,43.0
21194.0,46.56
21731.0,47.27
22055.0,51.3
23779.0,58.74
24957.0,60.32
25439.0,57.25
25503.0,57.54
25479.0,57.12
25149.0,55.01
24049.0,54.48
23276.0,54.47
22869.0,56.29
22962.0,64.07
23700.0,71.12
25991.0,65.23
29054.0,58.8
28096.0,58.86
25972.0,55.03
22896.0,43.71
21355.0,41.81
20439.0,32.85
20097.0,24.2
20031.0,20.79
20676.0,21.07
23218.0,21.19
25770.0,22.93
28002.0,24.25
29426.0,34.26
30220.0,43.95
30612.0,39.38
30849.0,39.48
30735.0,39.2
29864.0,38.44
29196.0,31.09
28902.0,32.29
28772.0,40.52
28395.0,58.46
28495.0,67.56
29525.0,65.87
31115.0,62.66
29344.0,59.61
26891.0,57.54
26764.0,51.98
25372.0,47.67
24440.0,48.11
24018.0,42.54
23946.0,41.39
24319.0,46.77
25782.0,52.42
28029.0,59.76
30164.0,70.44
31449.0,70.36
32172.0,70.93
32835.0,69.0
33527.0,63.93
33742.0,60.47
32837.0,59.85
32345.0,59.25
32141.0,58.55
32122.0,60.14
31924.0,71.01
31466.0,76.83
31040.0,78.84
30840.0,71.49
29895.0,66.45
27847.0,59.53
24479.0,55.59
23088.0,50.9
22125.0,48.73
21445.0,47.06
21112.0,46.94
20924.0,49.86
20742.0,56.45
20508.0,70.84
21399.0,75.34
22844.0,76.26
24301.0,75.82
25198.0,74.26
25704.0,71.91
26214.0,68.51
26266.0,63.27
25405.0,58.8
24848.0,58.35
24606.0,58.95
24773.0,72.12
25234.0,74.43
25817.0,76.65
26833.0,72.48
28111.0,69.26
26862.0,59.32
28800.0,54.19
26986.0,48.64
25712.0,46.18
25027.0,43.34
24779.0,43.13
24920.0,45.0
26536.0,51.72
28216.0,60.9
30792.0,69.92
33075.0,70.5
34564.0,71.84
35571.0,69.81
36465.0,69.24
37055.0,67.99
36581.0,64.71
35777.0,62.89
35661.0,65.02
35581.0,69.5
35184.0,76.58
34497.0,82.24
33973.0,83.03
34339.0,75.4
33857.0,69.93
31471.0,68.14
26278.0,58.4
24997.0,55.82
23887.0,52.04
23368.0,50.27
22863.0,49.13
22606.0,53.21
22744.0,61.52
23188.0,70.94
23894.0,74.68
25938.0,75.81
27537.0,76.55
28324.0,76.79
28774.0,76.1
29246.0,74.32
28801.0,73.62
27831.0,73.29
27257.0,74.04
27070.0,74.85
26963.0,80.23
26966.0,86.11
27793.0,81.92
29477.0,74.54
27678.0,70.55
26013.0,66.05
23626.0,58.62
22402.0,55.74
21779.0,52.02
21413.0,51.53
21458.0,51.76
22151.0,52.78
24718.0,60.84
28618.0,72.69
30079.0,79.15
31144.0,83.34
31848.0,84.48
32433.0,81.93
32997.0,80.61
33263.0,78.07
32306.0,75.92
31749.0,75.87
31804.0,75.34
31731.0,77.61
31337.0,84.24
31217.0,89.06
33351.0,84.83
32514.0,75.7
29432.0,74.54
26926.0,73.9
22723.0,68.24
21626.0,60.71
21061.0,58.87
20975.0,57.15
21147.0,54.81
21752.0,52.08
24457.0,55.83
27785.0,55.95
29688.0,56.25
30737.0,66.5
31232.0,70.15
31473.0,67.87
31597.0,66.71
31433.0,60.68
30702.0,58.51
30125.0,57.22
29962.0,58.24
30398.0,57.39
32202.0,62.77
32897.0,72.88
32799.0,70.75
31282.0,62.17
28698.0,60.13
26180.0,57.76
29451.0,57.55
27291.0,52.88
25785.0,49.56
24944.0,49.2
24513.0,48.04
24510.0,48.51
25230.0,45.63
26707.0,45.41
28626.0,45.46
31646.0,50.24
33761.0,49.63
34038.0,52.65
33473.0,56.91
33487.0,52.98
32709.0,48.24
31601.0,43.58
30801.0,40.66
31183.0,44.1
33269.0,51.57
34016.0,58.19
34447.0,58.35
34069.0,57.88
32632.0,51.47
30477.0,49.33
25608.0,49.64
23767.0,48.16
22821.0,39.86
22381.0,35.82
22362.0,36.91
23173.0,39.5
26114.0,49.64
30926.0,62.65
33692.0,67.78
35068.0,67.98
35736.0,67.91
35528.0,67.07
35113.0,64.62
35017.0,61.34
33826.0,58.69
33159.0,58.97
32905.0,57.84
32765.0,62.6
33220.0,75.01
35615.0,78.57
36274.0,78.47
35551.0,76.51
32657.0,69.62
29483.0,59.36
27336.0,53.43
25379.0,48.42
24265.0,46.53
23828.0,45.44
23847.0,45.2
24414.0,47.61
27050.0,54.72
31753.0,69.4
34211.0,74.17
35248.0,72.83
35347.0,74.5
34930.0,71.94
34412.0,69.51
34229.0,65.21
33034.0,63.06
32445.0,63.37
32282.0,64.25
32265.0,68.96
33021.0,77.09
35666.0,78.14
36287.0,77.95
35302.0,76.37
32625.0,69.2
29536.0,58.99
27116.0,56.43
25220.0,51.89
24001.0,49.19
23632.0,48.94
23554.0,48.82
24239.0,49.1
26675.0,56.19
31263.0,67.02
33429.0,72.42
34363.0,72.18
34494.0,70.52
34133.0,68.84
33732.0,67.69
33571.0,68.05
32411.0,65.43
31863.0,65.45
31273.0,65.42
31050.0,66.85
31931.0,75.06
34921.0,77.26
35566.0,77.53
34784.0,75.26
32060.0,69.6
29107.0,60.47
26993.0,55.76
25094.0,49.92
23982.0,50.02
23605.0,47.07
23600.0,47.38
24332.0,48.98
26832.0,56.94
31337.0,66.6
33500.0,70.3
34380.0,70.31
34589.0,70.02
34245.0,67.98
33836.0,68.07
33748.0,66.98
32645.0,66.11
32032.0,65.91
31709.0,65.4
31592.0,67.04
32150.0,75.46
34881.0,79.17
35648.0,77.36
35022.0,75.24
32415.0,69.48
29498.0,67.78
27511.0,65.01
25694.0,56.02
24425.0,52.78
23959.0,51.04
23932.0,50.47
24572.0,53.51
27065.0,62.37
31365.0,67.27
33513.0,72.08
34595.0,72.62
34633.0,72.24
34273.0,71.54
33780.0,70.87
33430.0,69.54
32068.0,68.83
31212.0,68.01
30806.0,68.04
30681.0,69.15
31077.0,73.23
33858.0,76.47
34403.0,76.09
33902.0,73.95
31729.0,70.89
29278.0,69.59
27535.0,67.89
25678.0,65.2
24164.0,59.33
23491.0,52.07
23122.0,51.05
23060.0,50.61
23551.0,52.19
24908.0,58.23
26339.0,58.3
29074.0,61.66
30651.0,64.75
30659.0,63.64
30140.0,62.07
30143.0,63.58
29416.0,60.9
28170.0,56.18
27382.0,53.69
27157.0,54.33
28099.0,64.32
30656.0,68.15
31475.0,67.3
31315.0,66.25
29845.0,61.92
27774.0,59.24
25613.0,55.49
23594.0,54.72
22307.0,50.75
21624.0,48.59
21252.0,46.73
21268.0,48.28
21650.0,47.52
22142.0,49.47
22594.0,48.99
24774.0,49.25
26578.0,51.64
27335.0,49.89
27288.0,53.5
27564.0,50.59
27401.0,49.88
26123.0,47.7
25242.0,46.63
25003.0,47.9
25948.0,62.77
29001.0,68.09
30699.0,69.58
30768.0,67.32
29499.0,63.45
27240.0,58.68
24792.0,49.34
23065.0,47.11
22109.0,48.17
21717.0,47.19
21771.0,44.16
22650.0,46.5
25705.0,53.68
30372.0,67.67
33015.0,73.45
34205.0,72.11
34474.0,69.8
34330.0,68.03
33876.0,65.15
33711.0,62.19
32547.0,62.13
31996.0,58.9
31565.0,58.24
31352.0,60.68
31665.0,71.25
34261.0,74.97
35293.0,72.07
34587.0,67.07
31832.0,60.96
28811.0,56.11
26738.0,50.49
24899.0,47.34
23857.0,44.96
23471.0,42.36
23380.0,40.98
24025.0,42.09
26905.0,51.77
31238.0,63.26
33424.0,67.73
34363.0,66.67
34525.0,65.81
34023.0,66.16
33586.0,64.17
33377.0,61.52
32184.0,60.0
31536.0,58.42
31105.0,57.71
31082.0,58.57
31396.0,67.86
34363.0,71.61
35446.0,71.31
34674.0,68.55
32086.0,63.18
28985.0,57.99
26910.0,48.3
25218.0,47.11
24122.0,45.98
23678.0,45.39
23665.0,45.46
24296.0,46.5
26797.0,55.07
31082.0,62.25
33198.0,66.5
34402.0,66.17
34466.0,66.27
34100.0,62.47
33646.0,60.92
33341.0,59.68
32331.0,57.56
31690.0,56.91
31205.0,56.9
31128.0,60.95
31579.0,68.37
34255.0,71.94
35081.0,74.28
34554.0,71.15
31921.0,67.28
28922.0,63.85
27045.0,63.09
25077.0,58.49
23983.0,54.1
23564.0,51.9
23460.0,51.73
24156.0,54.3
26531.0,63.4
30736.0,64.49
32898.0,66.01
34002.0,65.98
34395.0,67.12
34462.0,67.22
34280.0,67.04
34250.0,65.52
33040.0,65.04
32408.0,63.8
32084.0,63.92
31967.0,64.24
32243.0,67.37
34529.0,68.8
35182.0,68.87
34535.0,66.02
31868.0,60.95
28989.0,57.15
26892.0,54.47
25179.0,50.74
24028.0,46.62
23718.0,45.56
23693.0,44.6
24353.0,45.83
26696.0,53.4
30767.0,60.91
32962.0,65.44
34154.0,65.43
34403.0,66.34
34437.0,65.96
34109.0,64.89
33746.0,61.23
32466.0,59.91
31506.0,58.38
30910.0,52.92
30713.0,58.23
30664.0,67.97
33097.0,68.3
33826.0,64.58
33451.0,60.54
31039.0,57.94
28689.0,56.24
27187.0,58.76
25573.0,56.74
24051.0,52.32
23346.0,50.64
22893.0,47.9
22791.0,48.42
23351.0,48.27
24495.0,51.81
26048.0,51.57
28855.0,59.9
30235.0,62.21
30329.0,59.62
29756.0,55.99
29580.0,57.15
28685.0,56.23
27620.0,55.2
26857.0,52.69
26520.0,53.45
26704.0,60.87
29180.0,65.95
30376.0,65.66
30352.0,65.8
29062.0,64.57
27107.0,63.61
25140.0,60.0
23381.0,56.51
22165.0,52.75
21423.0,51.17
21063.0,50.69
21123.0,50.48
21534.0,50.59
22075.0,49.35
22572.0,49.64
24773.0,53.02
26441.0,57.46
27071.0,56.39
26794.0,55.73
26967.0,55.98
26660.0,54.57
25454.0,50.47
24911.0,49.41
24558.0,49.98
25317.0,52.95
28334.0,61.78
29975.0,63.9
30226.0,64.05
29303.0,62.01
27194.0,55.36
24908.0,57.15
23186.0,48.08
22239.0,47.14
21812.0,45.67
21831.0,44.14
22556.0,42.96
25387.0,47.2
29019.0,57.55
31181.0,59.05
32998.0,60.68
33407.0,61.22
33348.0,59.7
33027.0,59.49
32941.0,54.49
31806.0,51.95
30981.0,48.65
30628.0,49.02
30439.0,49.66
30539.0,59.86
33097.0,64.67
34063.0,61.81
33510.0,56.1
30977.0,52.56
28142.0,49.3
26415.0,41.95
24636.0,40.82
23670.0,38.08
23139.0,30.73
23088.0,29.23
23764.0,34.9
25980.0,42.44
29085.0,47.86
30921.0,51.78
32576.0,53.69
33003.0,55.72
33273.0,52.04
33043.0,50.21
32965.0,48.55
31818.0,48.55
30910.0,47.71
30425.0,48.03
30397.0,48.9
30424.0,60.22
32915.0,64.07
33887.0,63.46
33434.0,62.14
31094.0,58.12
28445.0,55.19
27117.0,53.88
24766.0,48.34
23281.0,46.85
22719.0,46.86
22559.0,47.15
23189.0,47.42
25512.0,56.89
29200.0,58.45
32300.0,60.21
34788.0,60.51
36112.0,60.85
36202.0,59.76
35633.0,57.06
35525.0,57.1
34348.0,56.73
33413.0,54.21
33141.0,51.33
33694.0,54.04
35528.0,60.79
35991.0,64.32
36159.0,64.25
35633.0,63.66
33492.0,59.86
30433.0,58.0
27736.0,58.41
25618.0,55.8
24320.0,51.32
23951.0,49.07
23711.0,49.58
24471.0,55.63
27015.0,57.47
31436.0,58.89
34101.0,61.91
34928.0,61.65
35339.0,60.37
35145.0,59.06
34805.0,57.65
34659.0,56.67
33422.0,55.64
32723.0,54.61
32463.0,54.43
32298.0,58.09
33216.0,62.27
34897.0,66.31
34823.0,63.76
34184.0,61.77
32046.0,57.79
29639.0,54.98
27054.0,55.66
25225.0,49.9
24068.0,44.49
23665.0,42.41
23536.0,41.64
23971.0,42.08
26498.0,49.4
30366.0,54.58
32465.0,55.68
33571.0,55.9
34092.0,54.7
34284.0,51.99
34318.0,49.92
34089.0,48.94
33106.0,48.45
32357.0,45.91
31972.0,45.46
31951.0,47.45
32242.0,51.79
34185.0,54.2
34929.0,50.44
34000.0,48.76
31797.0,45.14
29386.0,43.76
23883.0,38.44
22318.0,37.62
21483.0,32.16
21167.0,31.67
21195.0,30.4
21938.0,31.62
24929.0,35.28
28875.0,36.93
31046.0,41.86
32130.0,46.5
32136.0,46.85
32019.0,46.91
32064.0,47.38
31784.0,48.84
30638.0,47.88
29929.0,46.91
29513.0,43.32
29215.0,47.6
28744.0,52.28
28696.0,54.85
30553.0,55.23
32696.0,54.56
30130.0,50.29
27524.0,47.32
25015.0,45.02
23547.0,38.32
22649.0,32.25
22339.0,25.94
22247.0,24.36
22720.0,21.71
24762.0,23.16
27435.0,28.14
29946.0,33.24
30890.0,37.07
31370.0,42.79
31645.0,45.67
31831.0,42.93
31721.0,39.66
30677.0,37.52
30071.0,34.08
29832.0,32.56
29559.0,36.55
29261.0,43.29
29317.0,47.2
29990.0,49.14
31776.0,48.82
29932.0,47.1
27290.0,39.76
26782.0,40.73
25481.0,39.5
24225.0,38.25
23607.0,35.93
23236.0,37.26
22950.0,38.24
22654.0,44.8
23121.0,50.32
24929.0,53.07
27033.0,55.49
28767.0,54.8
29360.0,55.08
29680.0,55.35
29961.0,55.53
29133.0,54.92
27708.0,52.57
26808.0,52.19
26605.0,55.34
26678.0,59.47
26964.0,63.95
27488.0,64.24
27911.0,63.34
27432.0,57.68
25886.0,55.44
25206.0,55.65
23707.0,47.54
22755.0,43.75
22256.0,43.95
22322.0,43.25
22805.0,43.91
24608.0,48.38
26837.0,56.63
28863.0,61.07
30697.0,61.16
31828.0,60.73
32508.0,59.09
33433.0,57.23
33913.0,56.18
33221.0,56.34
32522.0,55.71
32432.0,55.61
32528.0,57.84
32238.0,63.39
32048.0,68.97
31683.0,64.23
31481.0,64.11
31060.0,58.61
28976.0,58.38
29358.0,52.76
27451.0,49.37
26115.0,46.28
25333.0,46.42
24997.0,45.79
25102.0,48.41
26732.0,53.08
28380.0,55.52
30877.0,58.68
33294.0,59.51
34958.0,60.03
36149.0,58.36
37164.0,58.43
37866.0,57.58
37376.0,57.22
36739.0,57.3
36723.0,57.03
36666.0,57.73
36271.0,60.14
35653.0,64.74
35095.0,64.05
35319.0,62.76
34820.0,58.56
32510.0,57.79
24748.0,56.96
23412.0,54.66
22186.0,52.64
21459.0,52.16
21052.0,50.8
20925.0,53.31
21073.0,56.36
21168.0,57.45
21210.0,59.19
22680.0,58.67
24312.0,57.9
25222.0,55.79
25955.0,55.2
26606.0,55.32
26881.0,54.69
25980.0,54.61
25386.0,54.92
25300.0,55.27
25471.0,58.31
25687.0,64.24
26871.0,63.76
29148.0,61.06
28083.0,58.8
26372.0,58.18
25601.0,55.82
24541.0,53.59
23766.0,51.83
23387.0,49.51
23158.0,47.67
23362.0,50.69
25143.0,54.96
28384.0,55.58
29829.0,57.45
30576.0,57.32
31193.0,56.37
31830.0,55.76
32462.0,55.23
32779.0,55.24
31872.0,55.61
31194.0,54.74
31107.0,55.08
31032.0,55.91
30530.0,58.66
30617.0,64.64
32867.0,65.03
32111.0,63.25
29419.0,59.46
26964.0,58.33
24943.0,58.21
23587.0,57.17
22979.0,57.31
22672.0,56.97
22592.0,55.49
22986.0,55.0
25256.0,54.8
28699.0,56.06
30462.0,55.7
31568.0,54.81
31862.0,54.91
31981.0,54.5
32174.0,52.21
32059.0,51.88
30867.0,51.9
30064.0,47.78
29622.0,47.07
29929.0,47.05
31697.0,53.06
32137.0,55.64
31837.0,56.49
30702.0,55.81
28285.0,54.77
26207.0,53.18
27823.0,41.75
25529.0,36.93
24001.0,36.11
23164.0,31.61
22770.0,27.91
22845.0,29.56
23228.0,30.41
24102.0,28.34
24958.0,30.83
27388.0,32.15
29501.0,28.89
30309.0,28.69
30060.0,28.25
30482.0,25.38
30355.0,25.37
29355.0,23.75
28819.0,23.25
29349.0,25.2
32064.0,34.65
33430.0,46.34
34475.0,46.9
34556.0,42.36
33090.0,42.62
30121.0,40.59
23295.0,36.35
21972.0,25.42
21283.0,23.14
20957.0,22.67
21040.0,23.43
21829.0,26.76
24541.0,42.71
28425.0,48.4
31102.0,51.01
32515.0,47.53
33330.0,42.49
33675.0,40.91
33805.0,40.49
33347.0,40.75
32200.0,40.63
31590.0,41.18
31327.0,44.93
31367.0,49.92
31559.0,52.5
33232.0,55.87
34511.0,57.58
33561.0,53.53
30724.0,48.78
27892.0,42.78
25928.0,37.89
24446.0,37.87
23396.0,35.85
23209.0,35.91
23055.0,36.46
23648.0,37.34
26116.0,44.81
29622.0,50.44
32171.0,53.97
33290.0,52.79
33838.0,49.99
33751.0,46.94
33669.0,46.64
33201.0,46.41
31868.0,47.52
31234.0,46.06
30786.0,43.86
30532.0,49.59
30470.0,53.38
32659.0,58.51
34362.0,59.72
33416.0,52.62
30809.0,48.99
27921.0,48.02
25848.0,45.64
24214.0,41.22
23173.0,41.84
22844.0,38.27
22757.0,37.72
23453.0,42.0
25974.0,48.05
29265.0,55.52
31604.0,57.47
32426.0,56.16
32524.0,55.56
32276.0,54.56
32017.0,54.0
31644.0,54.08
30656.0,54.89
30115.0,54.15
29683.0,54.54
29475.0,55.08
29425.0,57.18
31679.0,60.71
33805.0,60.91
33164.0,59.01
30549.0,55.99
27769.0,54.76
25842.0,53.38
24324.0,45.62
23345.0,43.85
23010.0,43.25
22906.0,43.25
23439.0,44.06
25669.0,52.52
28850.0,53.37
31307.0,54.33
32065.0,54.92
32142.0,54.51
32005.0,53.69
31929.0,53.24
31634.0,53.33
30665.0,53.5
30120.0,53.35
29833.0,53.22
29659.0,53.6
29597.0,55.89
31629.0,58.32
33647.0,59.13
32994.0,59.3
30588.0,56.24
27895.0,55.3
26113.0,53.76
24447.0,51.43
23429.0,47.87
23071.0,46.6
23030.0,46.59
23619.0,47.37
25766.0,52.49
28699.0,52.81
30908.0,55.52
31986.0,56.89
32310.0,56.05
32100.0,55.51
31712.0,53.74
31525.0,54.29
30359.0,54.62
29417.0,53.94
28917.0,53.74
28611.0,54.41
28592.0,55.06
30635.0,57.16
32313.0,59.12
31734.0,58.47
29451.0,55.11
27042.0,52.91
25394.0,53.51
23945.0,51.94
22761.0,47.82
22158.0,49.01
21757.0,47.37
21671.0,47.3
22087.0,49.66
22736.0,51.11
24493.0,51.77
26588.0,51.74
27708.0,49.99
27714.0,50.65
27368.0,47.85
27384.0,48.82
26623.0,48.89
25519.0,47.21
24778.0,46.88
24439.0,47.91
24526.0,51.99
26510.0,55.21
28649.0,56.8
28730.0,55.7
27264.0,53.75
25579.0,53.94
23671.0,56.68
21989.0,55.37
20853.0,53.51
20250.0,51.14
19923.0,54.0
19881.0,55.1
20255.0,55.59
20258.0,55.09
21377.0,55.26
23154.0,54.56
24523.0,52.7
24907.0,51.72
24625.0,53.01
24628.0,53.4
24116.0,51.06
23010.0,47.03
22593.0,46.66
22304.0,46.44
22791.0,47.83
25150.0,55.11
27883.0,57.25
28189.0,57.71
27127.0,55.59
25272.0,54.53
23265.0,56.98
21897.0,55.55
20993.0,52.5
20669.0,54.03
20808.0,54.56
21450.0,56.35
24001.0,56.6
26571.0,57.48
28866.0,57.68
30099.0,58.15
30792.0,56.4
30998.0,55.19
30921.0,55.48
30634.0,54.72
29608.0,52.73
28833.0,51.76
28365.0,50.12
28180.0,49.55
28121.0,50.53
30229.0,54.85
32565.0,56.91
31949.0,56.73
29376.0,53.0
26588.0,52.58
25004.0,54.01
23470.0,46.07
22767.0,45.82
22523.0,44.61
22467.0,44.78
23134.0,45.39
25444.0,53.63
28405.0,54.07
30856.0,57.85
31992.0,56.86
32421.0,57.23
32435.0,56.14
32391.0,55.68
32265.0,54.9
31167.0,54.43
30564.0,51.28
30101.0,51.51
30026.0,54.68
29944.0,56.22
31968.0,57.83
33923.0,56.88
33089.0,56.54
30512.0,53.46
27630.0,49.48
26014.0,43.74
24666.0,38.24
23606.0,37.31
23218.0,38.36
23079.0,37.67
23801.0,38.91
26128.0,42.95
29194.0,46.92
31561.0,49.8
32649.0,49.81
33124.0,46.14
33172.0,44.59
33101.0,44.19
32760.0,44.19
31754.0,43.49
31164.0,44.63
30932.0,45.24
30902.0,47.84
30836.0,51.37
32801.0,57.31
34655.0,57.3
33828.0,56.37
31114.0,53.59
28218.0,49.55
26449.0,47.86
24968.0,43.62
24033.0,37.59
23637.0,37.62
23598.0,37.47
24242.0,43.25
26586.0,45.88
29686.0,53.81
32362.0,55.08
33463.0,54.67
33951.0,55.12
33841.0,55.09
33853.0,55.15
33613.0,55.36
32596.0,55.11
32003.0,54.71
31531.0,54.96
31363.0,55.2
31478.0,56.78
33333.0,64.67
35587.0,66.7
34591.0,66.07
31863.0,59.01
28896.0,57.31
26987.0,58.92
25344.0,57.78
24401.0,56.66
23866.0,57.07
23854.0,56.85
24559.0,58.07
26919.0,58.65
30233.0,59.82
33188.0,61.87
34559.0,62.49
34966.0,62.08
34924.0,61.24
34539.0,59.59
34347.0,58.68
32924.0,57.88
32131.0,57.09
31708.0,54.52
31474.0,56.6
31490.0,57.09
33055.0,60.31
34897.0,61.9
34044.0,60.23
31660.0,54.31
29133.0,53.84
27204.0,47.33
25431.0,43.1
23962.0,41.0
23341.0,40.87
23111.0,40.41
23084.0,40.13
23389.0,41.45
24109.0,41.91
26348.0,42.76
29210.0,43.87
30817.0,50.67
31219.0,49.48
31069.0,48.24
31175.0,50.39
30261.0,48.48
28894.0,44.71
27903.0,44.4
27616.0,44.16
27685.0,53.32
29436.0,56.34
31522.0,59.46
31477.0,59.01
29806.0,54.43
27742.0,54.17
25472.0,50.65
23658.0,44.47
22277.0,42.73
21575.0,42.19
21409.0,42.26
21608.0,42.96
22092.0,43.25
22252.0,44.32
23735.0,43.55
25671.0,44.41
26645.0,44.04
26848.0,43.83
26988.0,44.1
26994.0,43.27
25849.0,40.82
24883.0,38.55
24415.0,36.33
24447.0,41.1
25250.0,45.49
28362.0,47.96
30708.0,50.42
29382.0,49.59
27223.0,48.65
24840.0,43.33
23136.0,40.39
22143.0,39.4
21887.0,40.68
21849.0,40.32
22510.0,41.59
25383.0,47.17
29789.0,54.39
32380.0,55.99
33478.0,56.44
34391.0,56.19
34670.0,55.88
34678.0,55.77
34295.0,55.69
32974.0,55.51
32115.0,53.09
31550.0,52.1
31168.0,52.45
30695.0,54.84
30860.0,57.65
32967.0,64.5
34470.0,66.0
31745.0,59.83
29057.0,56.43
26940.0,54.68
25083.0,52.37
23968.0,49.29
23654.0,47.89
23429.0,48.23
23887.0,50.92
26290.0,54.32
30447.0,54.7
32753.0,56.29
33743.0,56.57
33876.0,56.57
33355.0,56.54
32828.0,56.27
32396.0,56.49
31201.0,55.53
30440.0,54.45
29884.0,54.08
29668.0,53.44
29262.0,54.79
29404.0,58.36
31700.0,61.96
33808.0,60.82
31327.0,57.38
28722.0,55.97
26746.0,55.86
24955.0,54.41
23858.0,52.42
23423.0,50.64
23309.0,50.33
23837.0,50.91
26147.0,53.91
30287.0,55.13
32371.0,56.36
33206.0,56.71
32974.0,56.19
32521.0,55.33
32313.0,55.4
31951.0,55.79
30874.0,54.64
30108.0,53.75
29700.0,52.18
29350.0,52.76
28867.0,54.99
29065.0,58.01
31169.0,62.21
33268.0,61.29
30717.0,57.78
28133.0,55.49
26332.0,55.31
24634.0,53.93
23562.0,51.74
23094.0,51.6
22900.0,50.28
23380.0,52.45
25722.0,54.05
29671.0,55.29
31475.0,57.1
32103.0,57.64
32135.0,57.2
31883.0,54.66
31762.0,54.25
31316.0,51.89
30201.0,51.2
29585.0,47.89
29269.0,46.65
29034.0,45.14
28558.0,49.15
29027.0,51.65
31109.0,55.68
32701.0,56.72
30296.0,55.57
27782.0,52.52
26230.0,49.95
24727.0,47.22
23581.0,45.97
23243.0,45.65
23034.0,46.29
23515.0,48.96
25835.0,52.34
29621.0,55.39
31490.0,57.23
32355.0,58.26
32500.0,58.24
32248.0,56.44
32023.0,52.89
31437.0,51.35
30151.0,47.78
29278.0,40.57
28976.0,38.98
28587.0,40.0
28249.0,43.55
28524.0,50.77
30115.0,53.76
31740.0,53.73
29589.0,52.28
27494.0,48.01
27702.0,41.48
25348.0,37.49
23946.0,37.51
23349.0,35.03
23194.0,34.15
23664.0,35.5
25870.0,37.46
29496.0,39.87
32365.0,42.43
34619.0,43.27
35607.0,41.2
35420.0,39.69
34704.0,39.63
34632.0,38.1
33591.0,36.1
32725.0,34.38
32515.0,33.88
32958.0,35.42
34757.0,42.07
35291.0,48.53
35284.0,47.97
35201.0,49.91
33462.0,46.88
30539.0,45.59
27676.0,51.52
25618.0,49.23
24102.0,44.14
23467.0,44.35
22839.0,43.32
22890.0,42.95
23451.0,42.43
24816.0,43.21
26301.0,43.95
28558.0,48.99
30435.0,46.83
30877.0,41.91
30617.0,38.55
30690.0,38.3
29801.0,38.75
28606.0,33.9
28087.0,32.44
27993.0,34.8
29146.0,39.92
30833.0,48.14
31181.0,50.06
30929.0,57.51
29492.0,53.27
27630.0,48.87
27388.0,56.75
25420.0,51.36
23922.0,45.74
23277.0,44.42
23010.0,44.9
23006.0,50.06
23485.0,54.92
24381.0,57.09
25863.0,62.93
28683.0,61.22
30742.0,59.97
31361.0,58.22
31183.0,59.23
31290.0,58.82
30345.0,58.52
28916.0,57.95
27924.0,57.57
27518.0,57.81
27772.0,57.71
30162.0,57.46
31500.0,60.16
31448.0,61.98
29899.0,58.17
27802.0,56.3
25705.0,57.15
24223.0,55.45
23387.0,53.05
22954.0,48.33
22791.0,45.81
23310.0,45.91
25633.0,51.09
29214.0,57.97
31285.0,60.42
32052.0,58.02
31962.0,57.19
32008.0,55.12
32125.0,54.52
31867.0,54.66
30730.0,51.96
30042.0,50.76
29774.0,49.86
29442.0,49.29
29119.0,49.53
29217.0,53.5
30808.0,57.77
32624.0,57.9
30106.0,51.04
27494.0,48.46
25709.0,45.27
24200.0,40.86
23438.0,39.34
22895.0,39.3
22833.0,39.44
23361.0,40.42
25194.0,46.03
27627.0,51.6
29799.0,54.75
30701.0,53.04
30960.0,51.66
31391.0,50.48
31592.0,50.51
31592.0,50.83
30633.0,49.1
29983.0,46.52
29827.0,45.9
29750.0,45.33
29452.0,45.7
29496.0,47.56
30231.0,52.09
31779.0,55.65
29728.0,51.51
27159.0,46.01
24391.0,42.08
22891.0,39.71
21879.0,39.15
21261.0,38.44
20892.0,38.04
20736.0,39.39
20467.0,45.46
20136.0,51.59
21051.0,52.67
22638.0,50.53
24180.0,49.72
25099.0,48.57
25530.0,49.23
26042.0,47.05
25801.0,46.74
24628.0,45.82
23856.0,45.15
23590.0,45.41
23701.0,47.1
24133.0,50.13
25108.0,53.09
26338.0,56.71
26935.0,54.12
25351.0,46.8
27790.0,43.08
26347.0,40.72
25318.0,39.82
24718.0,39.97
24528.0,41.05
24758.0,42.84
26139.0,48.1
28193.0,55.19
30252.0,58.75
32133.0,58.02
33400.0,56.92
34027.0,56.6
34967.0,56.67
35276.0,57.37
34700.0,56.49
34016.0,55.86
34077.0,55.4
34027.0,55.04
33741.0,54.73
33369.0,56.24
32799.0,58.32
32462.0,60.47
31901.0,58.38
29713.0,56.85
30277.0,58.74
28165.0,57.33
26676.0,56.42
25935.0,55.7
25614.0,54.79
25786.0,54.37
27323.0,54.91
28980.0,56.71
31513.0,58.07
33871.0,56.03
35549.0,55.56
36730.0,55.15
38050.0,54.55
38807.0,54.75
38280.0,54.23
37495.0,50.93
37322.0,51.1
37141.0,49.95
36652.0,50.71
36087.0,54.75
35358.0,56.8
35301.0,59.72
34588.0,57.77
32549.0,56.63
24724.0,60.45
23436.0,59.37
22650.0,56.94
22218.0,55.15
22188.0,54.59
22736.0,54.05
24945.0,55.03
27592.0,55.07
29129.0,55.14
30965.0,53.53
32194.0,52.38
33191.0,51.64
34144.0,48.93
34525.0,48.76
33604.0,47.72
33074.0,44.62
33163.0,43.76
33230.0,44.2
32672.0,46.08
32117.0,49.92
32447.0,59.1
33593.0,59.57
31166.0,58.27
28801.0,54.9
25629.0,50.07
24455.0,48.53
23714.0,47.87
23396.0,48.64
23301.0,48.65
23665.0,50.08
25415.0,54.05
28782.0,59.12
30643.0,60.47
31658.0,58.75
32332.0,57.94
32832.0,57.98
33584.0,58.09
33716.0,58.07
32780.0,57.49
32274.0,56.91
32193.0,56.61
32219.0,56.64
31782.0,56.0
31909.0,56.75
33961.0,59.3
33133.0,60.7
30039.0,58.51
27530.0,55.5
24974.0,54.7
23652.0,51.2
22563.0,47.52
22024.0,47.43
21795.0,47.51
21690.0,47.6
22273.0,52.73
23054.0,57.85
24431.0,59.36
26512.0,58.83
27955.0,57.9
28313.0,58.0
28219.0,57.94
28345.0,57.97
27548.0,56.78
26239.0,55.47
25317.0,54.84
25235.0,54.52
26945.0,54.12
27979.0,54.95
28095.0,57.72
27793.0,59.33
26153.0,57.79
24288.0,55.27
27301.0,58.75
25312.0,57.41
24226.0,54.02
23595.0,53.15
23616.0,53.79
24567.0,58.03
27758.0,60.49
32994.0,61.13
36086.0,63.44
37708.0,61.78
38285.0,61.06
38021.0,61.07
37658.0,60.97
37518.0,60.86
36407.0,58.71
35882.0,57.64
35808.0,56.92
36619.0,56.43
38496.0,56.51
38991.0,55.73
39240.0,59.95
38422.0,61.43
35619.0,60.96
31892.0,58.27
24470.0,59.76
22966.0,58.82
21802.0,57.01
21163.0,54.73
20865.0,54.05
20747.0,54.54
21346.0,57.45
21857.0,60.97
22278.0,64.51
24124.0,62.53
25287.0,60.61
25722.0,59.78
25754.0,59.39
25729.0,59.14
25237.0,54.4
24166.0,48.92
23587.0,48.48
23221.0,47.94
23019.0,48.25
23164.0,46.7
24184.0,57.56
26247.0,61.04
25132.0,59.8
23734.0,55.87
22623.0,62.09
21318.0,61.31
20223.0,60.57
19565.0,61.0
19310.0,59.54
19218.0,59.4
19627.0,59.16
19676.0,54.59
19770.0,53.01
21479.0,55.91
22802.0,56.16
23360.0,55.9
23217.0,55.54
23319.0,56.02
22967.0,51.85
21926.0,50.13
21440.0,47.94
21189.0,46.6
21022.0,47.83
21353.0,49.7
22577.0,54.35
24860.0,59.98
24373.0,59.43
23137.0,54.37
22031.0,59.8
20773.0,53.01
19912.0,50.13
19416.0,49.31
19062.0,47.76
19144.0,47.53
19779.0,50.24
20370.0,51.03
21267.0,52.6
23207.0,55.0
24631.0,54.49
25034.0,54.97
25079.0,53.03
25201.0,54.07
24792.0,52.66
23830.0,48.57
23079.0,45.1
22899.0,44.51
22879.0,46.03
23215.0,48.68
24126.0,53.36
26451.0,58.25
25254.0,54.5
23481.0,53.78
21995.0,56.44
20621.0,49.15
19487.0,46.39
19079.0,45.89
18797.0,45.35
18758.0,44.0
19016.0,43.09
18937.0,42.75
19305.0,45.27
21137.0,49.81
22553.0,49.57
23091.0,49.8
23144.0,49.69
23227.0,50.39
23100.0,50.58
21898.0,49.86
21299.0,49.34
21153.0,48.87
21050.0,48.71
21517.0,49.81
22891.0,57.66
25685.0,59.72
25083.0,58.44
23451.0,56.94
21884.0,56.32
20305.0,49.55
19503.0,49.39
19110.0,49.59
19096.0,52.66
19382.0,56.72
20750.0,59.52
22268.0,61.21
23486.0,63.45
25270.0,62.88
25897.0,60.53
26185.0,60.23
26359.0,59.85
26583.0,60.34
26010.0,60.28
25025.0,58.7
24713.0,57.03
24662.0,56.3
24566.0,53.24
24784.0,50.0
25984.0,56.9
28462.0,58.78
26963.0,55.99
24565.0,49.36
23050.0,47.16
21778.0,46.78
21040.0,43.19
20829.0,42.79
20841.0,43.48
21388.0,44.77
23668.0,48.3
26494.0,55.72
28415.0,58.76
29751.0,58.19
30276.0,57.86
30550.0,57.68
30829.0,57.01
30798.0,56.49
29927.0,54.96
29260.0,48.19
29090.0,47.92
29097.0,47.62
28819.0,47.68
28825.0,48.32
29822.0,53.4
31469.0,57.12
29060.0,49.66
26712.0,46.05
25206.0,43.44
23743.0,41.75
22903.0,38.6
22660.0,37.79
22628.0,38.42
23010.0,39.55
25027.0,47.1
27661.0,53.62
29483.0,57.34
30502.0,55.16
31156.0,50.92
31371.0,48.33
31629.0,48.32
31500.0,49.06
30371.0,46.22
29609.0,45.18
29385.0,44.74
29382.0,44.93
29035.0,46.75
29098.0,48.68
30222.0,52.87
31633.0,55.65
29151.0,49.2
26703.0,45.31
25353.0,44.67
23990.0,43.3
23066.0,39.22
22773.0,39.54
22766.0,40.12
23181.0,41.76
25336.0,48.56
27905.0,53.93
29752.0,58.7
30868.0,55.45
31348.0,52.36
31425.0,50.86
31547.0,48.86
31438.0,48.18
30371.0,44.99
29651.0,43.7
29428.0,43.24
29299.0,44.62
28855.0,47.52
28806.0,52.91
29786.0,55.56
32014.0,54.92
29691.0,52.98
27050.0,49.17
25710.0,46.73
24134.0,43.96
23158.0,41.48
22795.0,42.04
22666.0,42.54
23216.0,43.96
25315.0,49.32
27811.0,56.55
29948.0,61.69
31189.0,59.29
31502.0,57.15
31550.0,55.46
31631.0,53.47
31444.0,51.52
30163.0,48.23
29315.0,47.02
29041.0,46.98
28870.0,47.68
28489.0,51.61
28322.0,55.86
28919.0,58.05
30956.0,59.33
29108.0,58.91
26945.0,56.06
25538.0,56.71
24103.0,53.14
22879.0,47.85
22399.0,46.83
22124.0,46.07
22022.0,45.83
22421.0,47.33
22751.0,47.51
24299.0,48.35
26633.0,55.44
27984.0,57.01
28344.0,57.57
28300.0,56.91
28274.0,57.63
27572.0,56.93
26288.0,55.06
25390.0,48.67
25038.0,47.0
24715.0,52.96
24923.0,56.0
25752.0,57.62
28379.0,61.14
27255.0,60.88
25442.0,58.36
23956.0,58.64
22368.0,57.62
21264.0,56.95
20636.0,56.84
20200.0,57.01
20059.0,56.9
20368.0,57.02
20121.0,57.11
20806.0,57.64
22782.0,58.21
24210.0,55.69
24800.0,56.21
25019.0,55.7
25238.0,56.07
24988.0,55.6
23825.0,48.02
23080.0,46.41
22724.0,46.66
22739.0,46.88
23315.0,54.36
24665.0,57.76
27200.0,62.19
26616.0,60.73
25176.0,57.11
23498.0,59.01
21949.0,56.57
21249.0,55.51
20840.0,53.05
20590.0,53.01
21188.0,57.24
23466.0,59.58
25797.0,62.73
27684.0,64.02
28997.0,64.51
29373.0,64.52
29699.0,64.59
29861.0,63.98
29834.0,63.49
29082.0,62.34
28371.0,60.7
28171.0,59.43
28076.0,60.13
27764.0,59.14
27826.0,61.21
29048.0,63.19
30811.0,65.52
28788.0,62.57
26236.0,61.15
24826.0,59.52
23523.0,56.37
22736.0,54.76
22431.0,52.39
22352.0,50.55
22793.0,53.9
24937.0,56.16
27855.0,60.56
29897.0,64.07
31059.0,65.52
31359.0,63.48
31416.0,62.92
31582.0,62.5
31532.0,61.63
30493.0,57.97
29877.0,51.78
29834.0,48.14
29781.0,47.93
29443.0,47.36
29638.0,50.36
30596.0,55.86
32050.0,60.19
29587.0,58.06
26962.0,48.88
25550.0,49.72
24189.0,45.63
23402.0,44.44
22985.0,44.46
22754.0,44.32
23267.0,44.89
25354.0,48.99
28140.0,57.32
29817.0,61.46
30757.0,61.43
31229.0,60.88
31697.0,59.8
32063.0,59.74
32087.0,59.6
31005.0,56.89
30192.0,55.74
29925.0,55.35
29865.0,53.98
29476.0,51.75
29680.0,52.91
30600.0,56.96
32089.0,60.15
29835.0,58.56
27202.0,52.31
25799.0,45.2
24343.0,43.14
23485.0,42.63
23163.0,42.86
23001.0,42.7
23462.0,43.31
25554.0,48.35
28163.0,57.65
30364.0,62.35
31577.0,61.88
32052.0,59.35
32283.0,57.48
32529.0,54.62
32318.0,54.13
31144.0,50.35
30480.0,48.68
30229.0,48.9
30139.0,48.41
29793.0,51.32
29845.0,55.06
30792.0,56.48
32360.0,59.81
30224.0,57.54
27506.0,52.08
26023.0,46.13
24367.0,43.49
23446.0,41.16
23175.0,40.92
23009.0,40.75
23492.0,41.58
25518.0,46.99
28483.0,56.74
30878.0,60.61
31963.0,59.11
32371.0,59.06
32424.0,59.38
32630.0,60.63
32378.0,61.01
31132.0,60.02
30154.0,59.65
29621.0,59.04
29341.0,59.0
28959.0,58.25
28889.0,56.89
29594.0,57.9
31267.0,60.13
29647.0,58.44
27422.0,55.65
25854.0,52.82
24247.0,52.82
22978.0,52.17
22303.0,53.36
21921.0,52.22
21830.0,52.52
22233.0,52.35
22717.0,53.4
24430.0,55.5
26852.0,56.57
28478.0,57.34
28731.0,57.28
28839.0,57.14
28764.0,56.47
28167.0,53.7
26832.0,47.81
25969.0,45.93
25544.0,45.11
25388.0,45.95
25628.0,46.35
26585.0,48.48
28632.0,54.65
27740.0,52.87
25887.0,47.81
24120.0,43.98
22485.0,41.94
21249.0,35.63
20525.0,32.73
20100.0,29.67
20041.0,27.88
20255.0,26.4
20220.0,25.04
21171.0,29.37
23204.0,29.28
24914.0,25.24
25699.0,22.12
25983.0,21.92
26202.0,17.83
25853.0,16.7
24359.0,14.77
23631.0,14.65
23247.0,16.18
23219.0,19.74
23555.0,26.11
24610.0,32.27
26738.0,45.16
26441.0,43.98
24915.0,43.23
28002.0,45.13
25528.0,39.89
24080.0,37.82
23359.0,39.62
23152.0,42.05
23560.0,42.99
25446.0,45.93
28714.0,46.25
31328.0,48.05
33618.0,47.54
34626.0,47.68
34604.0,46.27
33828.0,48.31
33404.0,49.48
32084.0,49.21
30853.0,45.95
30444.0,44.74
30464.0,45.69
31777.0,47.82
31865.0,50.59
31820.0,56.99
31717.0,63.03
30382.0,63.2
28466.0,59.84
25564.0,59.04
23739.0,58.65
22473.0,58.27
21708.0,57.16
21337.0,56.05
21382.0,57.19
21719.0,57.5
22500.0,57.8
22874.0,59.71
24867.0,60.44
26967.0,59.2
27774.0,59.02
28021.0,58.97
28279.0,59.15
27898.0,58.44
26458.0,57.75
25724.0,57.1
25490.0,57.54
27087.0,57.18
29948.0,57.57
31242.0,59.23
31375.0,62.02
30329.0,59.59
27868.0,57.05
25773.0,55.5
23843.0,49.24
22392.0,46.32
21633.0,45.59
21248.0,45.2
21220.0,46.11
21670.0,52.52
21886.0,56.26
22702.0,61.48
25001.0,60.33
26968.0,58.67
27832.0,58.43
27965.0,57.9
28149.0,57.94
27767.0,58.0
26399.0,56.97
25515.0,56.84
25187.0,56.95
25779.0,57.07
28600.0,57.53
30529.0,58.49
30796.0,60.34
29510.0,58.27
27253.0,55.88
25606.0,53.8
24156.0,48.01
23175.0,46.69
22811.0,43.71
22693.0,43.67
23037.0,44.71
25334.0,49.43
29142.0,55.68
30997.0,59.69
31817.0,58.06
31927.0,57.48
31823.0,57.8
31879.0,57.91
31637.0,57.83
30536.0,56.76
29844.0,55.82
29487.0,55.47
29382.0,56.79
29042.0,56.56
29204.0,57.67
30897.0,58.05
32784.0,60.62
29995.0,59.4
27353.0,56.76
25833.0,50.81
24476.0,46.92
23590.0,44.12
23119.0,43.54
23003.0,42.87
23451.0,42.79
25478.0,46.96
27831.0,55.47
29929.0,58.4
30960.0,58.67
31419.0,59.24
31606.0,58.38
31845.0,56.89
31700.0,51.68
30499.0,47.3
29636.0,45.22
29380.0,44.95
29092.0,45.51
28776.0,48.17
28737.0,49.99
29216.0,49.14
30750.0,57.39
29135.0,55.06
27030.0,48.62
23803.0,44.16
22470.0,43.84
21621.0,42.32
21185.0,43.19
21262.0,41.29
21731.0,41.66
23402.0,42.03
25804.0,42.81
28022.0,43.98
29244.0,43.6
29892.0,43.94
30292.0,44.72
30625.0,45.39
31086.0,46.64
30503.0,49.81
29973.0,46.01
30040.0,44.38
30144.0,44.87
29971.0,53.97
29619.0,56.64
29888.0,61.44
30225.0,63.87
29664.0,63.5
27249.0,62.54
28490.0,60.89
26892.0,58.11
25738.0,56.47
25255.0,56.19
25104.0,56.41
25508.0,56.12
26827.0,56.18
28963.0,54.61
30923.0,52.57
32891.0,53.71
34169.0,53.14
34697.0,54.39
35498.0,51.76
35876.0,53.9
35085.0,51.5
34298.0,47.45
34341.0,46.94
34317.0,46.26
33821.0,46.26
33460.0,47.14
33004.0,51.11
32702.0,58.06
32149.0,57.48
29908.0,55.32
30606.0,54.83
28697.0,46.3
27200.0,44.65
26241.0,44.38
25521.0,44.44
25029.0,45.55
25099.0,49.63
25122.0,55.77
26329.0,58.36
28682.0,58.08
30588.0,57.9
31889.0,58.72
32793.0,59.01
33455.0,58.97
33362.0,58.64
32897.0,57.3
32469.0,57.09
32203.0,57.02
31878.0,56.27
31605.0,56.9
31453.0,59.14
32061.0,62.79
31670.0,61.14
29928.0,58.41
27375.0,57.07
25898.0,55.73
24905.0,53.25
24508.0,52.71
24286.0,53.02
24661.0,54.85
26494.0,56.9
29006.0,57.37
30445.0,60.92
32227.0,60.24
33355.0,59.64
34475.0,60.08
35392.0,60.02
35982.0,59.6
35141.0,58.43
34618.0,56.55
34675.0,54.05
34659.0,53.91
34024.0,52.69
33318.0,55.48
33660.0,58.32
34564.0,61.12
31897.0,60.04
29271.0,58.0
26119.0,56.39
24956.0,51.73
24071.0,47.16
23848.0,46.92
23647.0,47.0
24022.0,47.43
25999.0,54.89
29375.0,55.85
30863.0,59.88
31633.0,59.68
32111.0,59.31
32763.0,58.8
33492.0,57.69
33683.0,54.71
32684.0,49.92
32243.0,48.64
32325.0,47.93
32315.0,48.31
31919.0,51.24
32101.0,54.94
34060.0,56.91
33204.0,60.2
30095.0,59.42
27665.0,54.35
22640.0,46.63
21386.0,43.06
20553.0,42.41
20035.0,41.92
19674.0,40.22
19772.0,41.95
20031.0,43.69
20418.0,48.7
20913.0,51.37
22735.0,53.62
24153.0,51.52
24807.0,50.8
24865.0,47.47
25264.0,46.56
25085.0,45.59
23931.0,44.61
23189.0,44.17
23245.0,45.07
25397.0,46.86
26955.0,48.53
27773.0,54.07
27580.0,60.59
26201.0,58.94
24427.0,55.24
29221.0,45.22
27078.0,43.84
25920.0,43.56
25468.0,43.25
25416.0,42.81
26073.0,43.39
28833.0,44.81
33848.0,48.98
36805.0,54.87
38196.0,57.07
38534.0,55.07
38173.0,52.86
37492.0,54.55
37269.0,52.86
36004.0,49.23
35626.0,46.57
35478.0,45.05
36240.0,45.2
38094.0,47.73
38462.0,49.14
38397.0,55.88
37640.0,60.46
35396.0,59.31
32397.0,59.04
25418.0,54.45
23956.0,46.73
22852.0,46.26
22245.0,45.09
21967.0,45.05
21770.0,45.21
21986.0,45.25
22288.0,45.35
24131.0,47.27
26408.0,50.69
27971.0,54.99
28198.0,53.89
28106.0,49.36
28150.0,49.28
27403.0,47.6
26040.0,45.13
25232.0,44.65
25043.0,43.91
24806.0,45.54
24912.0,47.5
25528.0,56.28
27185.0,61.06
26639.0,60.04
24979.0,58.69
23243.0,55.11
21924.0,48.79
20778.0,47.86
20098.0,48.03
19705.0,48.29
19768.0,49.43
19850.0,49.99
19454.0,47.41
20642.0,48.61
22444.0,48.52
23960.0,48.71
24743.0,50.57
24932.0,52.86
25068.0,56.35
25004.0,57.12
23697.0,50.6
23155.0,48.51
22850.0,48.3
22877.0,48.06
23352.0,50.24
24258.0,54.73
26405.0,60.18
26821.0,60.65
25078.0,57.41
23301.0,55.99
21924.0,50.59
20971.0,48.81
20604.0,46.71
20619.0,46.03
21151.0,47.48
23145.0,52.2
25432.0,56.65
27724.0,58.22
28873.0,58.24
29804.0,57.79
30358.0,58.29
30828.0,58.65
30994.0,58.9
30178.0,58.52
29512.0,56.85
29249.0,56.77
29235.0,56.85
28801.0,56.87
28838.0,57.17
29387.0,57.88
30576.0,61.64
29115.0,59.92
26647.0,57.53
25363.0,57.32
24078.0,55.05
23230.0,52.83
22931.0,49.77
22845.0,49.18
23214.0,52.57
25084.0,56.32
27378.0,58.03
29519.0,60.36
30851.0,60.68
31466.0,60.35
31966.0,60.42
32231.0,60.52
32415.0,60.6
31398.0,59.25
30886.0,57.89
30757.0,57.67
30827.0,58.05
30405.0,57.95
30057.0,57.9
30315.0,59.84
31291.0,61.54
29838.0,59.32
27311.0,57.16
25807.0,55.11
24433.0,49.46
23620.0,46.8
23294.0,47.08
23116.0,47.13
23498.0,47.07
25066.0,51.07
27399.0,55.4
29370.0,58.48
30646.0,59.74
31329.0,58.9
31708.0,58.67
32103.0,59.08
32030.0,58.65
31034.0,56.35
30512.0,54.39
30372.0,51.77
30335.0,52.38
30069.0,51.43
29837.0,52.26
30059.0,56.91
30889.0,59.82
29472.0,55.78
27129.0,52.41
25690.0,53.91
24358.0,52.7
23399.0,51.78
23073.0,51.8
22952.0,49.62
23372.0,48.36
25122.0,51.69
27489.0,55.3
29649.0,57.76
30717.0,56.57
31177.0,54.88
31541.0,52.84
31986.0,52.16
31861.0,47.84
30631.0,45.88
30044.0,44.3
29820.0,43.51
29850.0,43.97
29555.0,45.0
29404.0,44.95
29555.0,46.25
30455.0,52.08
29299.0,53.26
26745.0,47.67
25414.0,46.57
24078.0,46.28
23142.0,46.13
22763.0,46.32
22649.0,46.36
23056.0,46.99
24840.0,52.35
27375.0,54.29
29477.0,57.01
30572.0,56.55
30963.0,55.6
31287.0,55.67
31535.0,56.5
31512.0,56.51
30325.0,54.16
29324.0,53.25
29049.0,52.98
28946.0,52.99
28580.0,52.85
28437.0,53.92
28594.0,57.24
29315.0,59.44
28641.0,57.83
26434.0,57.37
25312.0,54.79
23953.0,51.83
22825.0,49.6
22258.0,50.52
21853.0,50.07
21752.0,49.39
21768.0,49.26
22402.0,49.86
24095.0,51.77
26130.0,54.6
27506.0,55.87
27932.0,55.69
27990.0,55.92
27989.0,56.56
27304.0,56.52
26178.0,52.28
25572.0,50.58
25342.0,50.06
25229.0,50.94
25440.0,51.59
25651.0,52.19
26862.0,56.13
26744.0,51.86
24937.0,47.58
23474.0,46.83
22144.0,45.49
21189.0,43.79
20562.0,44.62
20266.0,43.34
20109.0,43.01
20009.0,42.51
19935.0,40.76
21080.0,44.61
22845.0,47.3
24346.0,48.53
25132.0,48.21
25442.0,48.03
25750.0,50.0
25583.0,50.55
24418.0,48.02
23691.0,47.59
23488.0,47.83
23678.0,47.42
24155.0,48.96
25069.0,54.37
26334.0,58.98
26842.0,59.09
25139.0,56.25
23525.0,50.88
22383.0,46.25
21619.0,46.4
21124.0,45.92
21163.0,45.82
21818.0,47.17
23948.0,54.75
26722.0,56.74
29111.0,60.91
30422.0,61.35
31049.0,61.54
31497.0,61.17
32003.0,61.14
32161.0,60.77
31222.0,59.85
30571.0,58.36
30476.0,57.41
30484.0,56.82
30064.0,55.14
29797.0,52.93
29990.0,56.7
30708.0,58.56
29510.0,57.19
26890.0,53.13
25329.0,52.84
24077.0,49.83
23198.0,46.73
22960.0,46.67
22799.0,46.93
23216.0,47.0
25036.0,50.23
27497.0,51.39
29640.0,57.26
30870.0,57.0
31638.0,56.76
32250.0,55.52
32805.0,55.89
33003.0,55.76
32069.0,55.25
31450.0,53.27
31491.0,53.27
31503.0,53.46
31118.0,53.09
30851.0,54.35
30780.0,57.04
31330.0,58.91
30129.0,56.93
27520.0,51.99
26053.0,49.83
24727.0,46.69
23826.0,45.91
23421.0,45.69
23315.0,45.63
23803.0,46.57
25425.0,50.25
27817.0,52.24
30057.0,57.25
31221.0,57.18
31967.0,57.31
32648.0,57.97
33289.0,58.05
33339.0,58.28
32374.0,57.99
31920.0,57.42
31986.0,57.2
32069.0,57.62
31697.0,57.92
31417.0,58.53
31135.0,59.02
31522.0,59.89
30396.0,58.86
27772.0,58.17
26415.0,57.05
25034.0,55.86
24141.0,53.11
23810.0,52.66
23622.0,53.85
23950.0,55.36
25470.0,58.5
27837.0,58.81
30056.0,60.71
31575.0,60.6
32467.0,60.7
33184.0,61.36
33820.0,61.29
33991.0,61.8
33104.0,61.45
32609.0,60.73
32724.0,60.15
32855.0,60.32
32304.0,59.22
31816.0,59.36
31591.0,59.81
31854.0,62.32
30641.0,61.33
28262.0,59.49
26882.0,59.44
25467.0,58.14
24463.0,56.25
24058.0,55.39
23807.0,54.5
24214.0,55.92
25593.0,58.94
27991.0,58.7
30317.0,61.46
31901.0,61.55
32733.0,61.24
33371.0,61.32
34003.0,61.89
33995.0,61.57
32791.0,59.12
32013.0,57.1
31924.0,56.64
31912.0,56.53
31447.0,56.61
30943.0,57.31
30613.0,58.18
30931.0,60.58
29817.0,59.62
27903.0,58.89
26740.0,59.43
25153.0,59.23
24032.0,58.5
23446.0,58.37
22984.0,57.9
22694.0,57.33
22599.0,56.2
22894.0,53.83
24807.0,54.0
27041.0,56.86
28596.0,56.19
29102.0,54.27
29440.0,51.47
29661.0,49.98
29055.0,49.02
27883.0,47.6
27190.0,46.17
27078.0,46.86
27047.0,48.62
27012.0,49.7
27246.0,53.34
28341.0,58.86
27862.0,59.46
26021.0,57.25
24471.0,55.6
23166.0,51.09
22072.0,48.8
21411.0,49.27
21041.0,49.05
20839.0,49.14
20504.0,49.41
20355.0,48.9
21432.0,49.87
23150.0,52.65
24756.0,54.33
25433.0,52.31
25880.0,49.94
26186.0,50.04
26094.0,49.73
24910.0,46.38
24066.0,45.62
23818.0,45.97
24002.0,47.06
24439.0,49.45
25220.0,57.11
27085.0,61.83
27467.0,62.91
25629.0,61.47
23807.0,57.38
22565.0,54.63
21794.0,52.42
21438.0,50.82
21468.0,51.12
22049.0,52.98
24114.0,56.76
26921.0,57.35
29403.0,59.83
30974.0,60.91
31817.0,61.04
32151.0,62.08
32651.0,62.17
32640.0,61.97
31584.0,61.06
30870.0,59.82
30796.0,58.8
30768.0,58.71
30435.0,58.38
30156.0,58.35
30108.0,59.68
30667.0,60.73
29518.0,60.15
27136.0,59.26
25818.0,58.46
24425.0,56.35
23571.0,55.25
23271.0,54.17
23123.0,54.36
23412.0,54.53
25034.0,57.3
27527.0,58.9
29774.0,60.74
31031.0,61.05
31826.0,59.95
32264.0,60.67
32808.0,61.81
32742.0,62.37
31730.0,61.9
30895.0,60.63
30826.0,60.0
30925.0,59.49
30495.0,58.27
30213.0,58.06
30081.0,58.79
30468.0,60.38
29498.0,58.36
27143.0,58.14
25653.0,58.57
24313.0,56.1
23453.0,54.26
23092.0,52.9
22969.0,52.37
23210.0,54.59
24865.0,58.61
27216.0,59.79
29511.0,61.45
30904.0,60.73
31898.0,60.38
32358.0,61.09
32735.0,61.6
32793.0,62.03
31965.0,61.63
31473.0,60.92
31648.0,60.04
31745.0,60.13
31437.0,60.24
31108.0,60.27
31060.0,60.7
31107.0,62.69
29938.0,61.01
27465.0,60.44
26483.0,60.46
24192.0,58.66
22472.0,56.6
21530.0,55.06
21168.0,55.55
21070.0,56.16
21391.0,58.87
22452.0,59.94
22804.0,61.51
24629.0,61.63
26449.0,62.07
27131.0,62.84
26852.0,63.77
26987.0,64.07
26313.0,63.23
24900.0,62.02
24261.0,61.42
24628.0,61.46
27130.0,60.82
28605.0,60.87
29498.0,61.48
30080.0,62.23
29736.0,61.17
27790.0,57.75
25474.0,58.34
23776.0,55.77
22921.0,54.61
22526.0,54.25
22400.0,54.59
23185.0,55.31
26275.0,58.33
31054.0,58.93
33939.0,61.58
35141.0,62.9
35390.0,62.19
35185.0,62.6
34663.0,62.76
34351.0,61.87
33205.0,60.68
32676.0,57.49
32238.0,56.32
32023.0,55.79
32862.0,56.19
35060.0,56.65
35577.0,56.91
34862.0,57.65
32222.0,56.72
29242.0,54.67
24731.0,55.59
23193.0,55.79
22075.0,55.42
21542.0,54.15
21653.0,53.23
22435.0,52.6
25307.0,50.39
29277.0,49.8
31872.0,53.04
32954.0,55.8
33366.0,57.21
33250.0,57.88
33005.0,58.74
32650.0,60.12
31519.0,60.07
31057.0,56.34
30500.0,52.78
30282.0,50.39
30327.0,50.93
32949.0,50.98
34449.0,52.53
33564.0,55.84
31156.0,55.67
28259.0,52.14
25691.0,50.54
24103.0,49.27
23122.0,48.14
22636.0,48.39
22535.0,48.58
23109.0,48.02
25406.0,48.2
28960.0,47.43
30672.0,49.98
31468.0,50.9
31612.0,52.73
31707.0,53.57
31724.0,54.37
31506.0,55.16
30509.0,53.14
29900.0,48.17
29565.0,45.82
29340.0,44.96
28777.0,45.72
28870.0,46.95
30313.0,50.44
32202.0,55.88
29819.0,58.86
27349.0,56.21
25753.0,48.24
24381.0,45.92
23172.0,46.05
22452.0,46.08
22054.0,46.03
22118.0,47.36
22430.0,53.91
22805.0,57.8
24486.0,58.14
26615.0,58.3
27887.0,57.74
28250.0,58.71
28081.0,59.68
28021.0,60.16
27255.0,60.09
26061.0,58.36
25303.0,56.72
24852.0,54.93
24638.0,53.81
24788.0,54.9
25268.0,56.77
27174.0,58.6
26822.0,58.15
25200.0,53.01
25843.0,45.62
24523.0,44.64
23638.0,45.0
23285.0,44.02
23163.0,44.65
23385.0,45.43
24940.0,47.36
27521.0,53.5
29653.0,55.52
30829.0,56.01
31547.0,55.85
32164.0,57.8
32688.0,58.08
32735.0,58.53
31892.0,58.36
31399.0,57.27
31521.0,56.41
31604.0,56.39
31226.0,56.11
30928.0,56.17
30892.0,56.89
31087.0,58.28
30174.0,57.67
27777.0,55.51
28672.0,52.95
26997.0,49.97
25840.0,48.77
25252.0,48.58
25121.0,48.55
25521.0,49.05
27021.0,50.49
28962.0,55.66
31023.0,58.51
32807.0,57.68
34004.0,57.22
34471.0,58.09
35080.0,58.97
35107.0,59.06
34053.0,59.04
33209.0,57.32
33048.0,56.79
33067.0,57.02
32592.0,56.92
32259.0,57.2
31898.0,57.4
31889.0,58.33
31365.0,57.79
29253.0,54.32
28257.0,54.91
26559.0,50.33
25122.0,48.39
24229.0,46.73
23673.0,45.78
23253.0,46.81
23079.0,50.23
22466.0,54.68
23026.0,57.25
24398.0,57.37
25903.0,57.07
26969.0,57.12
28055.0,57.74
28998.0,56.9
29591.0,55.22
29219.0,53.01
28943.0,52.85
28709.0,54.24
28515.0,54.05
28490.0,55.07
28718.0,56.87
30175.0,57.37
30819.0,57.38
29334.0,52.97
27831.0,50.85
26307.0,50.51
25173.0,50.0
24677.0,49.93
24432.0,50.03
24815.0,51.48
26660.0,53.64
29055.0,55.68
30642.0,59.43
32647.0,60.16
33793.0,60.06
34715.0,60.5
35709.0,60.67
36049.0,60.57
35236.0,60.11
34729.0,59.16
34764.0,58.33
34797.0,58.33
34168.0,58.22
33465.0,58.31
33827.0,58.7
34551.0,59.37
31857.0,58.45
29418.0,56.59
26381.0,57.31
25164.0,55.48
24375.0,54.77
23916.0,54.95
23811.0,54.51
24203.0,53.65
26282.0,51.24
29499.0,51.47
30811.0,52.62
31610.0,55.81
31978.0,56.83
32461.0,56.69
33127.0,55.95
33450.0,56.15
32602.0,55.19
31755.0,52.47
31470.0,49.32
31365.0,48.92
31047.0,50.0
31133.0,52.65
32937.0,55.61
31953.0,57.88
29286.0,56.39
27080.0,54.55
22654.0,52.67
21466.0,53.03
20894.0,49.8
20850.0,50.3
21000.0,50.23
21588.0,50.94
24173.0,48.08
27962.0,47.81
29915.0,50.64
30879.0,51.65
31297.0,52.85
31425.0,52.44
31514.0,52.06
31576.0,53.03
30748.0,52.28
30251.0,49.41
29852.0,48.95
30169.0,48.03
32220.0,48.11
33268.0,48.5
33480.0,48.74
32333.0,50.76
29444.0,53.17
26707.0,49.7
29970.0,47.46
27544.0,46.66
26087.0,46.1
25330.0,44.46
25009.0,45.62
25012.0,45.62
25785.0,47.4
27192.0,52.87
28280.0,57.66
30388.0,58.2
32105.0,59.21
32657.0,60.74
32357.0,61.19
32447.0,61.01
31889.0,60.38
30752.0,59.13
30140.0,59.03
30607.0,59.12
33008.0,58.81
33882.0,58.64
34641.0,59.09
34465.0,59.35
33200.0,57.9
30635.0,54.55
28719.0,51.92
27152.0,47.86
26096.0,46.68
25660.0,46.19
25324.0,46.26
25592.0,47.39
26920.0,50.59
29384.0,54.5
31900.0,58.1
33767.0,58.64
34996.0,59.3
35978.0,60.06
36880.0,60.89
37275.0,60.86
36575.0,61.05
36378.0,59.29
36567.0,59.24
36700.0,59.58
36083.0,59.51
35402.0,59.47
34807.0,60.11
34322.0,60.87
33651.0,60.77
31070.0,58.94
29400.0,57.47
27692.0,55.47
26542.0,54.1
25933.0,54.16
25719.0,54.53
25968.0,54.83
27451.0,56.77
29961.0,58.24
32396.0,60.86
34099.0,61.48
35363.0,61.85
36401.0,62.67
37249.0,63.13
37758.0,62.99
37315.0,62.33
37313.0,60.85
37483.0,60.47
37666.0,60.42
37103.0,60.4
36335.0,59.73
35495.0,59.43
34999.0,60.56
34251.0,58.77
31598.0,58.31
29838.0,58.81
28106.0,57.12
26830.0,55.18
26328.0,54.83
26037.0,54.84
26283.0,55.06
27437.0,55.19
29774.0,57.27
32203.0,60.1
34078.0,61.28
35484.0,61.12
36432.0,63.34
37539.0,64.11
38164.0,64.56
37758.0,62.52
37623.0,60.75
37773.0,59.94
37778.0,60.29
37166.0,60.14
36366.0,58.88
35698.0,58.48
35233.0,58.8
34157.0,58.76
31777.0,57.83
30178.0,55.09
28308.0,53.47
27093.0,49.33
26493.0,47.57
26144.0,47.47
26330.0,47.27
27683.0,49.24
30076.0,55.01
32457.0,59.35
34542.0,60.99
35880.0,61.44
36796.0,64.26
37901.0,64.35
38513.0,64.69
37950.0,64.25
37631.0,62.91
37708.0,62.66
37483.0,61.95
36830.0,61.65
36160.0,59.69
34965.0,59.14
34087.0,58.84
33285.0,58.13
31480.0,57.42
30535.0,56.52
28749.0,52.55
27085.0,48.25
26093.0,47.91
25596.0,48.02
25195.0,47.77
24932.0,47.4
25446.0,47.49
27442.0,51.78
29848.0,56.14
32097.0,58.08
33321.0,59.98
34180.0,60.93
34863.0,61.6
34731.0,61.65
34074.0,59.04
33379.0,57.52
32998.0,57.1
32711.0,57.72
32455.0,58.42
32315.0,59.03
32302.0,60.73
32240.0,60.01
30502.0,57.08
28625.0,57.47
26860.0,54.06
25375.0,50.09
24434.0,49.9
23972.0,49.9
23479.0,50.04
23018.0,49.74
22814.0,49.04
23993.0,50.21
25743.0,51.88
27508.0,54.92
28823.0,57.62
29956.0,57.75
30815.0,59.35
31393.0,60.04
31105.0,59.01
30671.0,58.6
30393.0,58.43
30351.0,60.68
30419.0,60.7
30735.0,62.28
31379.0,63.66
32569.0,64.48
30977.0,61.66
29006.0,58.94
27035.0,50.99
25834.0,48.61
25224.0,47.44
24970.0,47.46
25435.0,47.26
27123.0,50.98
29711.0,56.5
32594.0,60.97
34774.0,62.01
36363.0,61.36
37077.0,63.56
38157.0,65.21
38771.0,66.11
38301.0,65.95
38096.0,65.98
38020.0,65.34
37984.0,66.1
37415.0,65.61
36665.0,63.67
35761.0,64.21
35201.0,64.23
34194.0,62.93
31715.0,59.93
30204.0,61.17
28622.0,55.41
27491.0,52.47
26966.0,52.54
26705.0,51.64
26871.0,50.91
28309.0,52.64
30641.0,55.65
33136.0,60.64
35213.0,60.58
36722.0,60.82
37430.0,62.87
38492.0,63.81
38947.0,64.26
38527.0,65.59
38226.0,64.62
38389.0,64.36
38417.0,64.44
37391.0,63.77
36562.0,62.18
35513.0,62.35
34880.0,63.66
34180.0,63.39
31924.0,59.65
30419.0,63.55
28842.0,58.35
27620.0,55.23
27102.0,54.69
26754.0,54.41
26898.0,54.94
28133.0,57.08
30401.0,61.33
32816.0,64.74
34934.0,63.15
36284.0,63.54
37126.0,66.35
38289.0,67.26
38980.0,67.82
38586.0,67.31
38430.0,66.49
38381.0,66.57
38257.0,66.49
37457.0,66.11
36698.0,64.39
35735.0,64.77
35086.0,65.78
34435.0,64.89
32187.0,60.59
30604.0,63.95
28846.0,58.65
27596.0,55.27
26977.0,53.94
26739.0,53.38
26896.0,53.25
28240.0,53.55
30381.0,59.49
32770.0,64.14
34935.0,62.26
36416.0,62.64
37311.0,65.23
38467.0,67.05
39017.0,67.75
38613.0,67.48
38390.0,66.43
38609.0,66.1
38571.0,65.46
37633.0,64.78
36865.0,62.75
35800.0,63.22
35016.0,63.88
34314.0,63.09
32254.0,58.63
30932.0,58.39
29123.0,52.85
27700.0,49.43
26887.0,49.33
26646.0,49.15
26668.0,49.13
27872.0,50.84
30021.0,57.22
32126.0,64.1
34438.0,63.49
35933.0,63.34
36727.0,66.69
37769.0,67.93
38380.0,67.89
37741.0,66.77
36906.0,65.57
36852.0,64.36
36587.0,61.64
35874.0,60.13
35283.0,58.42
34196.0,57.89
32790.0,58.86
31770.0,56.8
29981.0,52.02
29245.0,60.78
27746.0,55.37
26508.0,50.33
25568.0,50.29
25022.0,50.01
24691.0,50.01
24427.0,49.62
24680.0,49.7
26087.0,54.81
28330.0,57.76
30253.0,61.45
31345.0,62.44
32279.0,63.16
32948.0,63.32
32884.0,62.51
32308.0,58.17
31760.0,57.28
31531.0,57.09
31376.0,57.09
31190.0,57.64
30981.0,57.49
30919.0,58.57
31050.0,61.09
29615.0,58.55
28058.0,56.66
26576.0,52.9
25097.0,49.82
24230.0,47.84
23675.0,47.15
23529.0,46.95
22986.0,46.79
22629.0,46.48
23693.0,47.4
25198.0,48.62
26711.0,49.87
27810.0,50.82
28605.0,51.08
29690.0,54.64
30141.0,54.43
29585.0,51.64
29129.0,50.46
28434.0,50.1
28108.0,55.79
28135.0,57.62
28540.0,60.5
29403.0,65.98
30386.0,66.47
29097.0,66.49
27457.0,60.86
25995.0,57.02
24838.0,55.15
24313.0,54.63
24191.0,54.25
24587.0,54.29
26470.0,57.01
29015.0,60.46
31366.0,63.1
33485.0,62.38
34744.0,62.19
35413.0,64.4
36234.0,64.49
36730.0,64.6
36129.0,64.38
35712.0,62.35
35760.0,61.73
35849.0,62.88
35258.0,62.5
34664.0,61.15
33874.0,61.65
33436.0,63.3
32866.0,62.36
30630.0,58.71
29301.0,61.69
27561.0,59.5
26336.0,56.95
25684.0,56.23
25495.0,54.82
25739.0,54.52
27233.0,56.34
29465.0,61.0
31739.0,64.71
33914.0,64.79
35053.0,63.44
35323.0,64.86
36091.0,63.82
36451.0,61.19
35656.0,59.8
35009.0,57.66
34987.0,53.96
35046.0,53.36
34518.0,53.38
33992.0,51.22
33396.0,52.43
32967.0,53.59
32421.0,56.31
30183.0,51.25
28744.0,51.05
27127.0,47.57
25926.0,45.83
25372.0,46.33
25166.0,45.22
25320.0,45.25
26855.0,47.64
28933.0,50.26
31071.0,57.59
32968.0,58.89
33929.0,50.8
34286.0,52.17
34826.0,52.82
34996.0,52.66
33968.0,52.93
33289.0,52.02
33313.0,51.2
33431.0,50.97
32725.0,51.32
32442.0,49.13
31887.0,50.0
31550.0,56.81
31206.0,61.94
29021.0,54.11
27754.0,47.62
26301.0,46.26
25102.0,44.67
24613.0,44.77
24405.0,44.79
24694.0,45.38
25802.0,47.58
27569.0,51.79
29446.0,58.59
30747.0,58.74
31653.0,57.24
31978.0,58.72
32449.0,59.84
32736.0,55.14
31885.0,52.14
31231.0,51.38
31226.0,51.15
31312.0,50.73
30939.0,50.11
30644.0,48.96
30368.0,49.96
30374.0,58.07
30110.0,60.23
28151.0,53.01
27038.0,49.22
25452.0,46.32
24457.0,44.4
23966.0,44.94
23858.0,44.82
24111.0,45.39
25535.0,47.01
27421.0,49.09
29080.0,56.88
30621.0,56.81
31471.0,57.06
31818.0,57.79
32223.0,59.32
32263.0,59.41
31184.0,57.64
30407.0,53.74
30168.0,53.65
30094.0,52.71
29715.0,51.62
29591.0,50.17
29489.0,51.33
29418.0,54.37
29027.0,55.87
27274.0,51.57
25934.0,55.58
23897.0,54.05
22395.0,49.59
21554.0,49.07
21337.0,47.82
21578.0,47.43
22518.0,47.28
23983.0,47.16
25545.0,49.8
27940.0,50.04
30222.0,50.22
30533.0,51.51
30100.0,52.48
30221.0,55.95
29987.0,54.78
28905.0,50.91
28307.0,49.1
28562.0,48.26
31117.0,48.57
32559.0,48.78
33140.0,50.74
33124.0,55.47
31669.0,55.09
29495.0,50.24
27107.0,54.78
25310.0,49.97
24237.0,47.69
23731.0,46.78
23621.0,45.53
24282.0,45.31
27005.0,46.05
31509.0,44.42
33856.0,45.82
34559.0,45.3
34549.0,45.65
34406.0,49.53
34002.0,51.68
33923.0,52.63
32827.0,52.45
32281.0,51.21
32038.0,51.13
32167.0,49.21
32957.0,49.03
35182.0,48.93
35653.0,52.0
34850.0,54.79
32191.0,56.35
29358.0,54.66
26281.0,53.99
24568.0,46.09
23496.0,43.98
23109.0,44.11
22939.0,42.77
23627.0,43.29
26082.0,46.33
29871.0,49.38
32257.0,53.87
33176.0,56.28
33506.0,56.69
33252.0,59.58
33042.0,62.31
32552.0,62.86
31306.0,62.65
30580.0,61.97
30252.0,61.86
30114.0,62.68
30343.0,60.79
32856.0,56.85
34325.0,56.97
33416.0,57.07
30876.0,55.99
27960.0,51.96
25679.0,54.35
23977.0,52.12
23116.0,49.15
22773.0,46.74
22582.0,46.46
23112.0,46.65
25347.0,53.17
28780.0,51.76
30426.0,56.71
31501.0,57.69
31589.0,57.88
31715.0,60.07
31844.0,60.83
31759.0,60.68
30637.0,60.11
29670.0,59.54
29362.0,59.35
29045.0,59.28
28439.0,58.15
28408.0,56.77
29390.0,56.58
31172.0,58.02
29106.0,57.42
27041.0,52.67
23533.0,50.05
22003.0,46.2
20928.0,44.98
20298.0,45.35
20019.0,46.02
19916.0,49.37
20077.0,53.4
19810.0,53.38
20871.0,57.16
22647.0,58.53
24269.0,58.54
24961.0,60.95
24992.0,59.6
24967.0,59.0
24649.0,60.27
23484.0,57.4
22961.0,56.55
22834.0,57.09
22758.0,56.32
23121.0,55.43
24086.0,56.92
26667.0,59.65
26991.0,59.55
25164.0,56.93
26436.0,56.51
25032.0,54.73
24165.0,53.01
23749.0,52.12
23609.0,52.5
24029.0,52.85
25381.0,54.2
27804.0,55.74
29937.0,59.43
31101.0,60.19
31867.0,60.3
32399.0,62.83
32806.0,63.01
33007.0,63.19
32429.0,62.83
32142.0,61.8
32203.0,61.1
32252.0,61.27
31944.0,62.12
31574.0,60.64
31499.0,60.13
31477.0,60.07
30777.0,59.98
28351.0,57.38
28179.0,56.08
26670.0,53.8
25498.0,51.63
25156.0,50.57
24958.0,50.4
25116.0,51.01
26533.0,53.08
28607.0,54.88
30615.0,61.45
32749.0,60.38
33870.0,60.58
34299.0,63.04
34897.0,63.13
35019.0,63.01
33882.0,60.14
32645.0,57.43
32307.0,55.9
32267.0,55.16
31841.0,54.83
31469.0,54.02
31235.0,55.7
30996.0,56.76
30334.0,57.7
28479.0,56.74
27537.0,49.61
25803.0,49.47
24544.0,47.07
23810.0,47.27
23630.0,45.9
23974.0,45.85
25608.0,46.06
27324.0,45.21
29783.0,51.24
32309.0,57.42
33773.0,59.19
34877.0,59.6
35767.0,60.29
36626.0,60.99
36363.0,60.74
35731.0,55.87
35570.0,51.67
35499.0,51.09
34992.0,52.77
34173.0,53.86
33567.0,58.27
34066.0,60.52
33191.0,60.5
30914.0,58.96
27890.0,54.6
26414.0,52.08
25452.0,47.41
24771.0,47.68
24639.0,46.44
24917.0,46.32
26685.0,46.33
29130.0,46.43
30487.0,49.28
32152.0,51.17
33145.0,52.6
33886.0,54.22
34591.0,56.14
35157.0,58.67
34475.0,58.85
33948.0,51.03
34057.0,47.94
34088.0,46.73
33487.0,50.07
32899.0,51.11
33316.0,57.94
34134.0,63.07
31558.0,64.62
29187.0,60.34
25715.0,50.41
24618.0,46.09
23520.0,44.87
22970.0,44.48
22660.0,44.55
22345.0,45.57
22742.0,46.79
23899.0,51.49
24542.0,58.67
26526.0,60.72
27899.0,60.98
28364.0,63.39
28500.0,63.61
28658.0,63.8
28030.0,62.92
26711.0,61.14
25970.0,61.02
25824.0,60.62
25694.0,58.25
26270.0,53.46
28498.0,54.82
28550.0,57.47
26553.0,55.77
24868.0,53.82
25213.0,52.1
23774.0,48.94
23193.0,45.82
23000.0,46.64
22977.0,46.69
23321.0,46.37
25654.0,49.01
29206.0,52.82
30987.0,59.81
31942.0,60.26
32161.0,61.28
32262.0,63.08
32327.0,63.89
32192.0,64.1
31068.0,62.19
30599.0,59.98
30293.0,60.48
30756.0,60.72
32899.0,60.17
33992.0,57.88
34236.0,58.57
32964.0,61.5
30139.0,60.76
27535.0,58.37
27958.0,55.57
25806.0,52.01
24533.0,49.76
23972.0,47.87
23813.0,47.54
24297.0,48.97
26146.0,50.74
29219.0,54.31
31431.0,58.22
33875.0,59.42
34934.0,59.97
34652.0,62.37
33946.0,62.9
33993.0,62.98
33241.0,61.45
32830.0,60.04
32403.0,59.02
33278.0,59.86
35073.0,58.79
35392.0,56.39
35362.0,58.63
35032.0,59.4
33167.0,59.15
30565.0,56.74
31123.0,59.39
29087.0,58.2
27615.0,56.46
26962.0,54.38
26675.0,53.94
26888.0,54.98
28243.0,56.99
30107.0,57.47
32459.0,60.4
34983.0,61.38
36352.0,61.67
37263.0,64.13
38415.0,64.24
39286.0,64.29
38923.0,63.72
38559.0,62.29
38541.0,61.17
38485.0,60.91
37763.0,60.14
37287.0,58.4
36509.0,59.2
35961.0,61.25
35457.0,60.46
33383.0,58.45
31638.0,57.78
29934.0,52.9
28307.0,48.24
27414.0,45.94
27022.0,45.94
27146.0,45.87
28648.0,46.88
30553.0,52.11
32811.0,58.99
35076.0,60.6
36392.0,60.28
37309.0,62.98
38373.0,63.69
38944.0,64.08
38280.0,63.11
37684.0,61.77
37460.0,61.2
37303.0,60.36
36488.0,58.31
36011.0,57.43
35170.0,57.61
34445.0,57.84
33729.0,55.9
31594.0,53.43
30474.0,51.97
28696.0,50.44
27270.0,46.62
26283.0,46.71
25705.0,46.37
25381.0,46.15
25350.0,46.39
25469.0,46.26
27000.0,48.32
29205.0,50.59
31341.0,52.6
32148.0,54.36
32831.0,56.15
33399.0,58.5
33369.0,58.78
32802.0,58.02
32238.0,55.87
32006.0,54.53
31687.0,55.94
31465.0,55.95
31355.0,57.94
31312.0,59.19
31225.0,59.6
29596.0,55.1
27936.0,53.54
26246.0,49.58
24850.0,47.65
24002.0,47.86
23486.0,47.35
23083.0,47.52
22691.0,47.12
22478.0,46.77
23419.0,48.58
24975.0,48.03
26631.0,48.93
27807.0,52.27
28768.0,53.9
29780.0,56.74
30273.0,58.23
29832.0,56.31
29425.0,54.12
29169.0,52.79
29063.0,57.03
29202.0,58.58
29459.0,60.68
30242.0,62.33
31588.0,63.79
30306.0,61.61
28433.0,54.07
26588.0,46.68
25406.0,46.2
24800.0,45.42
24489.0,45.48
24869.0,45.75
26856.0,46.79
28975.0,50.1
31698.0,54.6
34324.0,57.6
35836.0,59.86
36516.0,61.4
37573.0,62.7
38224.0,63.45
37930.0,62.78
37390.0,62.25
37543.0,62.02
37421.0,62.03
36712.0,60.34
35847.0,59.55
35094.0,60.25
34959.0,60.88
34389.0,60.27
32218.0,56.69
30646.0,56.14
28868.0,50.13
27587.0,47.37
26909.0,46.71
26518.0,46.35
26915.0,45.94
28311.0,47.72
30217.0,52.49
32648.0,59.66
34999.0,59.86
36415.0,59.8
37101.0,61.71
38157.0,61.52
38738.0,61.28
38253.0,59.25
37888.0,57.92
37823.0,58.13
37685.0,58.61
37074.0,58.19
36533.0,57.68
35657.0,58.94
35350.0,60.73
34481.0,60.64
32134.0,59.08
30726.0,57.5
28965.0,52.86
27787.0,49.6
27195.0,47.94
26611.0,47.34
26881.0,47.3
28521.0,48.04
30356.0,53.22
32485.0,56.82
34891.0,58.45
36224.0,58.46
36942.0,59.78
37693.0,60.87
38085.0,61.12
37471.0,59.54
36815.0,58.39
36764.0,58.39
36722.0,58.37
36012.0,57.64
35395.0,56.24
34672.0,57.33
34319.0,59.27
33756.0,58.9
31465.0,57.69
29754.0,54.47
27970.0,50.19
26772.0,48.09
26075.0,46.83
25620.0,46.77
25953.0,46.79
27589.0,51.34
29439.0,54.98
31668.0,59.4
33774.0,58.88
35221.0,58.84
35823.0,61.12
36676.0,61.66
36993.0,62.22
36309.0,62.34
35687.0,61.04
35656.0,60.67
35529.0,60.25
34899.0,59.4
34281.0,56.41
33621.0,56.22
33382.0,57.16
32823.0,56.67
30644.0,55.79
29316.0,52.59
27743.0,46.08
26385.0,45.33
25786.0,45.54
25506.0,45.59
25867.0,46.04
27434.0,49.98
29374.0,57.1
31398.0,64.51
33357.0,63.14
34694.0,60.58
35348.0,62.89
35900.0,63.22
36040.0,63.27
35070.0,62.32
34066.0,61.18
33916.0,60.92
33831.0,59.29
33323.0,57.83
33043.0,55.56
32589.0,56.48
32236.0,57.36
31590.0,56.64
29658.0,53.62
28590.0,59.58
26998.0,54.75
25478.0,53.62
24774.0,54.23
24204.0,53.63
23948.0,53.24
24095.0,52.13
24451.0,51.89
25885.0,53.33
27996.0,54.65
29968.0,55.3
30788.0,55.96
31076.0,56.11
31277.0,56.21
30989.0,55.6
30229.0,53.62
29595.0,51.49
29293.0,50.61
29176.0,51.8
29283.0,52.99
29441.0,55.58
29935.0,56.75
29915.0,57.38
28065.0,53.88
26554.0,53.33
25004.0,51.33
23662.0,49.28
22819.0,50.6
22433.0,50.35
22073.0,49.51
22013.0,49.64
21748.0,48.33
22609.0,49.1
24069.0,53.86
25478.0,55.17
26433.0,55.93
27138.0,56.31
27780.0,57.27
28040.0,56.75
27478.0,54.28
27076.0,50.83
26840.0,48.42
26898.0,47.6
27184.0,49.68
27535.0,52.62
28655.0,57.57
29886.0,59.73
28455.0,60.01
26744.0,56.64
25113.0,51.78
23835.0,48.36
23310.0,46.86
23082.0,45.86
23584.0,46.15
25608.0,50.54
27562.0,55.05
29682.0,58.47
31952.0,59.19
33301.0,59.2
33980.0,61.16
34924.0,61.51
35575.0,61.69
34897.0,61.45
34046.0,59.88
33704.0,59.61
33680.0,57.5
33128.0,54.17
32537.0,54.16
31770.0,54.47
31843.0,58.32
31325.0,58.21
29156.0,51.89
27769.0,46.26
26197.0,45.73
24995.0,44.89
24446.0,44.63
24147.0,44.06
24179.0,43.93
25613.0,45.5
27410.0,50.6
29351.0,56.35
31334.0,58.79
32562.0,58.89
33275.0,60.74
34025.0,61.51
34578.0,61.91
34054.0,61.49
33457.0,60.54
33254.0,60.27
33202.0,60.24
32776.0,59.38
32393.0,57.1
32003.0,59.11
32106.0,59.69
31778.0,60.35
29740.0,54.39
28316.0,56.1
26707.0,54.54
25548.0,50.71
24970.0,49.67
24603.0,49.63
25026.0,50.89
26823.0,55.19
28703.0,55.66
30616.0,58.42
32504.0,58.64
33664.0,58.91
34456.0,61.13
35302.0,61.6
35798.0,61.57
35312.0,61.18
34729.0,60.36
34692.0,60.01
34664.0,59.7
34234.0,59.57
33903.0,58.53
33439.0,59.15
33406.0,59.77
32763.0,59.66
30641.0,58.84
29142.0,62.79
27370.0,60.47
26111.0,58.57
25490.0,58.31
25239.0,56.98
25431.0,57.43
27125.0,58.71
28935.0,58.48
30895.0,61.48
33220.0,62.07
34784.0,61.44
35731.0,63.79
36821.0,63.87
37542.0,63.96
36992.0,63.03
36466.0,62.09
36483.0,61.58
36444.0,61.49
36034.0,61.0
35526.0,59.53
34901.0,60.09
34672.0,61.39
33927.0,60.2
31655.0,59.49
30227.0,53.91
28384.0,50.76
26947.0,49.67
26253.0,49.77
25885.0,49.75
26173.0,49.55
27685.0,51.91
29541.0,54.9
31430.0,59.57
33713.0,61.35
35294.0,61.63
36282.0,63.79
37284.0,64.05
37853.0,64.3
37198.0,63.77
36325.0,62.54
36141.0,60.97
35851.0,60.0
35259.0,58.8
34752.0,58.3
33994.0,58.71
33601.0,59.3
32802.0,59.55
30674.0,56.62
29614.0,60.0
27958.0,54.83
26567.0,51.06
25663.0,51.11
25123.0,50.62
24739.0,50.55
24854.0,49.72
24949.0,50.19
26231.0,56.86
28412.0,59.22
30468.0,59.01
31525.0,59.65
32311.0,58.57
32795.0,59.43
32782.0,57.84
32373.0,53.93
31789.0,50.14
31529.0,49.22
31251.0,49.95
31191.0,51.51
30994.0,54.23
31382.0,57.38
31310.0,60.35
29676.0,57.84
27900.0,56.06
26272.0,53.04
24931.0,50.59
24092.0,50.15
23533.0,50.66
23087.0,49.5
22971.0,48.96
22413.0,47.37
23203.0,48.01
24724.0,48.13
26188.0,48.13
27414.0,49.92
28661.0,50.15
29653.0,50.18
30197.0,48.77
29855.0,47.21
29396.0,46.57
29040.0,46.46
28846.0,48.09
28858.0,48.87
29018.0,52.32
30205.0,60.37
31145.0,63.2
29536.0,61.68
27712.0,53.18
25866.0,47.31
24608.0,45.62
23848.0,45.89
23570.0,45.83
23899.0,46.08
25726.0,47.52
27425.0,53.51
29484.0,57.03
31814.0,59.37
33384.0,59.72
34283.0,62.38
35385.0,63.71
35995.0,63.31
35578.0,61.62
35036.0,59.41
34939.0,58.61
34821.0,57.92
34309.0,55.52
33547.0,53.64
32790.0,55.49
32980.0,57.61
32262.0,57.95
29950.0,55.17
26843.0,56.11
24617.0,51.97
22827.0,48.9
21959.0,47.87
21533.0,48.15
21624.0,49.64
22088.0,52.65
22855.0,52.74
23524.0,56.2
25417.0,59.75
27817.0,60.69
28756.0,61.37
28779.0,62.53
28874.0,62.82
29113.0,63.48
28088.0,60.7
27342.0,59.92
27576.0,59.41
30498.0,57.25
32421.0,56.57
33746.0,56.47
33796.0,58.37
32188.0,57.49
29224.0,55.86
27022.0,57.48
25270.0,55.97
24126.0,54.78
23681.0,52.64
23671.0,50.76
24328.0,52.36
26933.0,54.88
31751.0,55.39
34248.0,58.74
35111.0,58.74
35222.0,58.31
34957.0,59.39
34789.0,60.55
34529.0,60.23
33263.0,58.62
32682.0,57.82
32364.0,57.27
32274.0,57.08
32993.0,57.49
35558.0,56.98
36226.0,58.01
35424.0,60.06
32931.0,58.17
29806.0,56.13
26001.0,58.04
24484.0,54.59
23546.0,51.37
23232.0,48.33
23101.0,47.53
23699.0,49.81
26190.0,52.33
29649.0,54.79
31786.0,58.88
32534.0,59.4
32680.0,59.72
32448.0,61.37
32241.0,62.09
31842.0,62.78
30751.0,61.04
30013.0,59.76
29564.0,59.41
29331.0,59.48
29313.0,59.05
31715.0,58.09
33566.0,59.18
32701.0,60.18
30242.0,59.96
27682.0,57.35
25603.0,55.76
24076.0,53.37
22908.0,50.77
22300.0,48.64
22009.0,47.7
21871.0,47.8
22435.0,51.55
23398.0,53.75
24715.0,55.57
27024.0,58.56
28366.0,59.33
28535.0,61.8
28320.0,62.38
28071.0,63.09
27213.0,61.51
26040.0,60.44
25293.0,59.84
24953.0,59.26
24791.0,58.58
24930.0,57.3
26221.0,57.74
28669.0,59.56
27322.0,58.04
25451.0,53.9
23349.0,56.83
22035.0,54.94
21098.0,57.23
20842.0,57.08
20748.0,54.77
21398.0,51.75
23925.0,50.41
26566.0,49.79
28791.0,49.3
29960.0,51.45
30637.0,51.72
30881.0,53.5
31237.0,55.27
31201.0,57.04
30339.0,58.07
29788.0,53.36
29703.0,49.68
29673.0,48.26
29273.0,49.56
29112.0,49.61
29591.0,50.02
30999.0,54.49
29177.0,54.21
26557.0,50.36
26859.0,48.72
25421.0,47.36
24491.0,42.78
24171.0,40.27
23947.0,38.02
24348.0,37.03
25724.0,36.87
28171.0,36.51
30216.0,39.71
31458.0,42.23
32352.0,42.43
33104.0,44.7
33779.0,46.54
34022.0,51.43
33340.0,58.15
33051.0,57.75
33241.0,56.5
33371.0,55.54
32971.0,53.92
32410.0,55.46
31869.0,59.27
31878.0,62.66
30810.0,64.11
28590.0,62.52
27432.0,57.01
25865.0,50.12
24635.0,47.08
23959.0,46.41
23624.0,46.35
23352.0,46.82
23216.0,50.33
23598.0,56.34
25281.0,59.51
27430.0,60.18
29125.0,59.93
29883.0,61.12
30214.0,61.02
30331.0,60.44
29716.0,58.6
28579.0,56.75
27945.0,54.88
27595.0,52.56
27669.0,51.9
27818.0,53.68
28013.0,53.35
28383.0,59.08
28532.0,57.7
26911.0,53.01
29000.0,49.82
27096.0,47.15
25821.0,45.55
25155.0,45.36
24833.0,44.99
25025.0,45.25
26350.0,46.43
27624.0,46.66
29650.0,50.66
31775.0,54.02
33242.0,52.48
34021.0,54.31
34667.0,56.42
35059.0,57.38
34565.0,57.15
33744.0,54.88
33695.0,56.63
33590.0,56.32
32989.0,57.16
32451.0,56.72
32091.0,57.38
32835.0,61.89
31847.0,58.35
29689.0,56.53
27845.0,54.65
26383.0,52.23
25326.0,48.86
24843.0,46.85
24547.0,46.01
24749.0,46.23
26438.0,50.29
28556.0,53.22
29562.0,56.2
30858.0,57.72
31911.0,56.06
32726.0,56.64
33389.0,57.51
33809.0,57.72
33127.0,56.93
32542.0,53.85
32316.0,52.44
32245.0,49.87
31757.0,48.46
31226.0,49.12
31740.0,50.15
32301.0,55.42
29941.0,53.15
27937.0,49.76
23586.0,45.96
22223.0,43.79
21290.0,41.33
20776.0,41.69
20489.0,42.19
20347.0,43.72
20614.0,45.94
21356.0,48.26
21489.0,52.28
23028.0,54.02
24429.0,52.47
25246.0,53.27
25652.0,55.54
26068.0,56.42
25814.0,57.64
24750.0,56.85
23922.0,56.73
23895.0,56.64
24233.0,55.91
25124.0,55.68
27868.0,55.73
28159.0,58.47
26683.0,57.63
24964.0,56.02
25667.0,47.07
24324.0,43.74
23422.0,42.17
23121.0,41.93
22940.0,40.62
23518.0,40.99
25886.0,45.45
29619.0,46.94
31482.0,50.27
32520.0,52.15
32650.0,51.89
32748.0,53.47
32744.0,54.22
32884.0,54.61
31994.0,55.55
31328.0,54.61
31145.0,54.97
31612.0,55.36
33621.0,54.1
34436.0,54.1
34646.0,55.14
33463.0,55.72
30781.0,54.54
27983.0,52.2
28268.0,53.08
25988.0,53.72
24470.0,48.47
23599.0,45.13
23278.0,44.03
23479.0,44.06
24153.0,45.31
25405.0,45.11
26395.0,48.27
28551.0,52.11
30568.0,50.18
31146.0,52.79
30833.0,52.87
30974.0,53.02
30542.0,53.68
29597.0,53.27
29139.0,53.18
29613.0,53.13
31361.0,54.32
32011.0,53.6
32611.0,53.51
32579.0,53.56
31746.0,52.54
29631.0,50.49
24865.0,53.66
23409.0,50.39
22268.0,47.16
21573.0,47.05
21120.0,45.07
20947.0,43.69
20940.0,44.1
20392.0,43.76
20630.0,45.54
22099.0,47.48
23687.0,50.14
24874.0,48.85
25654.0,51.69
26238.0,53.15
26457.0,53.37
25928.0,49.99
25518.0,46.73
25422.0,46.38
25438.0,48.7
25641.0,51.19
26148.0,53.12
27966.0,54.74
28068.0,54.98
26472.0,54.36
24945.0,53.82
23385.0,51.59
22274.0,47.11
21679.0,46.8
21457.0,46.59
21748.0,47.04
23007.0,52.24
24137.0,54.84
25787.0,56.05
27767.0,53.82
29008.0,53.68
29852.0,54.88
30732.0,54.58
31442.0,55.12
31374.0,53.79
30810.0,50.0
30654.0,49.68
30771.0,51.94
30580.0,52.83
30211.0,54.82
29890.0,55.32
30960.0,57.23
29666.0,56.36
27630.0,54.16
26266.0,52.74
24652.0,51.33
23431.0,49.96
22735.0,50.69
22317.0,48.65
22138.0,47.79
22403.0,50.81
22481.0,46.7
23095.0,47.11
24646.0,50.26
25987.0,48.21
26970.0,49.73
27741.0,51.2
28406.0,53.98
28710.0,53.72
28099.0,49.04
27724.0,45.53
27458.0,45.75
27520.0,49.98
27694.0,52.13
28007.0,53.93
29721.0,55.89
29478.0,55.24
27728.0,54.1
26189.0,57.11
24598.0,53.69
23547.0,48.34
22939.0,49.58
22665.0,48.48
22868.0,49.55
24224.0,53.12
25880.0,56.9
27701.0,56.82
29905.0,57.14
31313.0,57.9
32313.0,58.58
33318.0,58.35
34009.0,59.1
33816.0,59.06
32971.0,58.07
32769.0,57.19
32663.0,56.85
32442.0,55.94
31976.0,53.67
31768.0,55.85
32865.0,57.83
31925.0,56.19
29693.0,55.71
27865.0,55.18
25992.0,49.48
24778.0,45.24
24164.0,45.07
23748.0,45.03
23774.0,45.15
24908.0,49.6
26276.0,54.71
28003.0,56.22
30169.0,57.25
31613.0,57.4
32625.0,57.89
33599.0,58.09
34418.0,58.76
34239.0,58.17
33590.0,57.56
33405.0,57.04
33405.0,57.17
33170.0,57.06
32680.0,56.8
32404.0,57.08
33481.0,60.09
32314.0,59.67
30162.0,57.22
28324.0,55.66
26507.0,49.02
25177.0,44.7
24478.0,44.71
24231.0,44.38
24286.0,44.75
25517.0,49.02
27007.0,52.28
28725.0,56.36
30931.0,57.87
32312.0,57.76
33463.0,58.47
34338.0,58.61
35188.0,59.26
35003.0,58.55
34273.0,57.22
34027.0,56.41
33872.0,54.9
33483.0,53.19
32940.0,54.05
32480.0,54.56
33379.0,56.89
32120.0,55.23
29973.0,50.15
28344.0,56.3
26580.0,51.72
25129.0,48.63
24346.0,46.71
23898.0,45.43
23528.0,45.1
23734.0,44.87
23798.0,44.82
24743.0,46.77
26648.0,49.04
28279.0,50.52
29093.0,51.43
29834.0,51.86
30581.0,55.75
30458.0,56.43
30025.0,54.93
29459.0,53.86
29206.0,51.74
28937.0,51.07
28707.0,52.42
28977.0,52.37
30535.0,57.0
29538.0,53.82
27883.0,47.94
26348.0,46.64
24868.0,44.53
23611.0,44.37
22923.0,44.5
22403.0,43.85
22049.0,44.0
22024.0,44.43
21661.0,43.28
21981.0,43.44
23546.0,45.7
24802.0,44.71
25825.0,45.18
26566.0,48.69
27387.0,51.54
27931.0,51.89
27616.0,49.77
27275.0,48.48
27055.0,47.72
27002.0,46.99
27280.0,49.76
27759.0,55.67
29857.0,58.3
29849.0,57.85
28374.0,56.6
26644.0,53.74
24961.0,47.0
23801.0,45.17
23241.0,45.45
23055.0,45.27
23313.0,45.73
25137.0,49.01
26993.0,53.24
29000.0,55.08
31330.0,57.04
32878.0,57.5
34028.0,58.61
35164.0,59.71
36063.0,60.06
35822.0,60.05
35301.0,59.0
35112.0,58.14
34938.0,57.92
34558.0,57.57
33901.0,57.68
33427.0,57.9
34495.0,60.1
33085.0,59.7
30805.0,58.0
28737.0,56.24
26810.0,50.54
25605.0,48.56
24822.0,48.22
24633.0,47.98
24670.0,48.21
26183.0,49.99
27914.0,55.17
29799.0,57.18
32023.0,59.43
33611.0,58.83
34840.0,59.52
35946.0,60.85
36794.0,61.11
36387.0,61.1
35688.0,59.99
35583.0,59.68
35326.0,59.14
34689.0,59.08
34060.0,58.54
33634.0,58.88
34726.0,60.11
32911.0,58.7
30494.0,57.75
28621.0,55.25
26934.0,49.18
25700.0,48.44
24992.0,48.58
24659.0,48.64
24839.0,49.09
26251.0,52.22
28134.0,55.56
29875.0,57.21
32154.0,58.27
33554.0,59.0
34733.0,59.2
35765.0,59.66
36724.0,60.13
36443.0,59.7
35664.0,58.2
35538.0,58.06
35412.0,58.1
34799.0,58.2
34217.0,58.11
33949.0,58.81
34848.0,60.41
33017.0,59.17
30668.0,57.58
28838.0,55.35
27106.0,52.06
25940.0,49.61
25160.0,48.55
24828.0,48.35
24953.0,48.47
26404.0,50.46
28025.0,52.91
29765.0,56.94
32061.0,57.82
33323.0,58.62
34396.0,58.53
35453.0,58.61
36215.0,58.72
35807.0,58.48
35216.0,57.15
35145.0,56.82
34968.0,57.29
34605.0,56.23
33871.0,56.87
33519.0,57.87
34661.0,59.99
32736.0,59.87
30449.0,58.08
28509.0,57.19
26782.0,56.0
25727.0,54.44
25091.0,52.0
24544.0,51.29
24756.0,51.84
26303.0,55.19
28022.0,56.72
29795.0,57.61
31835.0,58.12
33247.0,58.66
34239.0,58.69
35283.0,58.68
36008.0,58.89
35431.0,58.45
34673.0,57.61
34475.0,57.21
34462.0,57.28
34120.0,57.52
33448.0,57.99
33322.0,58.17
34151.0,60.57
32143.0,59.82
29965.0,58.25
28343.0,57.64
26868.0,56.73
25557.0,55.89
24721.0,55.97
24264.0,55.09
23976.0,53.83
24108.0,52.52
24399.0,50.92
25277.0,50.98
27397.0,56.85
29193.0,56.67
30123.0,54.56
30895.0,55.87
31441.0,56.01
31383.0,55.5
30739.0,52.25
30216.0,51.01
29873.0,53.21
29623.0,56.01
29466.0,58.65
29790.0,59.26
31159.0,60.05
29720.0,60.25
28067.0,59.27
26677.0,55.46
25060.0,53.37
23819.0,55.13
23085.0,52.59
22668.0,49.91
22442.0,49.13
22608.0,48.65
22479.0,46.62
22550.0,46.37
24015.0,50.87
25454.0,55.32
26530.0,55.8
27309.0,54.88
27860.0,54.76
28163.0,56.41
27329.0,55.96
26760.0,56.18
26518.0,56.75
26573.0,52.52
26649.0,54.53
27369.0,58.27
29727.0,60.17
29271.0,61.33
27627.0,59.86
26051.0,59.62
24472.0,56.8
23456.0,51.34
23044.0,49.95
22885.0,49.11
23457.0,49.67
25461.0,55.63
27793.0,55.42
30032.0,56.46
32359.0,58.62
33950.0,59.08
34761.0,59.47
35522.0,60.28
35825.0,60.79
34942.0,60.86
33532.0,60.28
32966.0,60.03
32817.0,61.02
32479.0,60.18
32031.0,59.72
32225.0,59.58
33736.0,61.12
31523.0,60.3
29192.0,60.7
27341.0,60.16
25711.0,59.39
24630.0,59.01
24098.0,57.91
23997.0,56.65
24237.0,56.85
26062.0,58.5
28298.0,57.3
30032.0,59.68
32129.0,59.58
33416.0,60.92
34376.0,61.73
34928.0,61.77
35112.0,60.73
33972.0,61.01
32776.0,59.52
32329.0,58.83
32212.0,58.28
31731.0,58.54
31294.0,58.53
31677.0,58.66
32949.0,61.11
30746.0,60.82
28397.0,58.72
26445.0,58.3
24966.0,56.11
23991.0,55.42
23613.0,54.03
23536.0,52.4
23772.0,54.52
25635.0,56.25
27772.0,56.51
29686.0,58.94
31397.0,59.24
32546.0,59.38
33533.0,59.98
34111.0,60.79
34388.0,61.4
33268.0,62.42
32104.0,60.61
31822.0,59.39
31806.0,59.43
31510.0,58.97
31100.0,58.62
31646.0,58.52
32761.0,59.37
30651.0,58.03
28381.0,51.94
26585.0,49.95
24976.0,45.96
24004.0,45.55
23514.0,45.65
23449.0,45.42
23855.0,45.45
25696.0,46.35
27910.0,48.84
29931.0,51.75
31651.0,55.64
32596.0,53.91
33372.0,55.43
34006.0,58.82
34195.0,60.27
33118.0,60.23
31904.0,58.98
31758.0,58.93
31762.0,58.31
31442.0,58.36
31158.0,57.29
31534.0,58.4
32902.0,59.3
30801.0,56.26
28641.0,51.43
26258.0,52.72
24203.0,50.21
23045.0,47.19
22566.0,46.73
22607.0,45.84
23178.0,46.12
26309.0,50.85
31669.0,55.32
35546.0,59.2
36948.0,59.57
37517.0,59.89
37150.0,60.09
36537.0,60.57
36196.0,61.31
35052.0,60.25
34585.0,57.6
34426.0,55.44
34919.0,53.56
37276.0,52.31
38418.0,52.21
38645.0,56.61
38001.0,57.46
34981.0,51.75
31360.0,47.99
27559.0,45.43
25726.0,45.26
24594.0,44.42
24103.0,43.39
23975.0,42.2
24580.0,42.33
27292.0,43.78
32132.0,44.55
34706.0,45.82
35871.0,46.52
36146.0,48.26
35663.0,46.58
35059.0,49.16
34763.0,52.05
33529.0,52.72
33231.0,51.71
33069.0,51.84
33193.0,52.19
33938.0,56.48
36251.0,59.32
36732.0,60.01
35905.0,60.78
33420.0,60.39
30281.0,60.37
25912.0,58.48
24287.0,57.86
23287.0,56.46
22883.0,56.67
22783.0,56.55
23416.0,55.93
25815.0,54.11
29001.0,52.23
31189.0,52.97
32168.0,55.77
32297.0,54.66
32146.0,55.52
31996.0,53.91
31826.0,51.82
30717.0,51.09
30118.0,46.89
29639.0,45.51
29516.0,45.22
29388.0,45.99
31583.0,49.83
33320.0,55.88
32553.0,60.02
30046.0,61.34
27298.0,60.71
23730.0,55.7
22212.0,49.9
21069.0,45.2
20444.0,44.39
20128.0,44.08
20104.0,44.29
20486.0,48.47
20821.0,53.48
21359.0,57.13
23254.0,58.92
24833.0,60.06
25436.0,61.32
25269.0,61.69
25221.0,61.77
24758.0,61.78
23627.0,60.59
22891.0,59.67
22575.0,59.29
22726.0,58.29
23108.0,58.83
24657.0,60.71
27681.0,62.17
27196.0,60.57
25540.0,59.08
25231.0,56.82
24015.0,55.1
23014.0,54.54
22740.0,54.12
22688.0,53.6
23106.0,54.17
24852.0,55.89
27394.0,57.4
29532.0,59.64
30642.0,59.71
31188.0,59.82
31470.0,60.65
31820.0,60.6
31844.0,60.69
30871.0,60.7
30159.0,58.55
29900.0,57.77
29816.0,57.97
29557.0,56.96
29511.0,57.54
30248.0,59.44
31450.0,60.12
29679.0,54.31
27167.0,51.11
27416.0,50.7
25964.0,49.76
24966.0,46.2
24607.0,45.13
24473.0,43.79
24730.0,45.15
26232.0,49.55
28422.0,53.05
30344.0,57.71
31735.0,58.34
32601.0,58.13
33275.0,58.85
33966.0,59.48
34020.0,59.61
33119.0,59.54
32584.0,58.49
32585.0,58.08
32620.0,57.79
32179.0,56.96
31708.0,57.22
30949.0,58.78
30691.0,59.83
30011.0,55.07
28246.0,50.51
25498.0,47.99
24083.0,44.26
22969.0,43.04
22159.0,42.78
21819.0,43.27
21574.0,44.8
21460.0,50.17
21119.0,55.64
22080.0,57.76
23615.0,58.47
25181.0,58.75
26071.0,59.44
26680.0,59.87
27235.0,60.17
27448.0,59.79
26741.0,58.43
26239.0,58.25
26075.0,58.29
26153.0,57.47
26480.0,58.51
27191.0,59.53
28295.0,62.5
29433.0,59.74
27998.0,57.71
27808.0,55.53
25940.0,54.16
24825.0,52.05
24193.0,51.54
23914.0,51.25
24019.0,53.59
25369.0,55.15
26854.0,55.92
28729.0,59.41
30567.0,61.25
31616.0,60.48
32514.0,61.23
33143.0,61.0
33506.0,61.15
32938.0,60.39
32081.0,58.31
31773.0,57.33
31653.0,56.91
31362.0,56.54
30885.0,57.23
30572.0,59.14
31059.0,60.01
30064.0,58.56
27946.0,54.54
26832.0,52.93
25470.0,51.37
24399.0,48.13
23732.0,47.88
23384.0,44.79
23115.0,44.48
23567.0,43.71
24149.0,44.41
24784.0,45.97
26716.0,50.42
28233.0,52.44
28955.0,50.15
29175.0,49.29
29184.0,47.2
28343.0,46.48
27044.0,43.52
26193.0,42.65
25944.0,43.24
25870.0,44.5
26158.0,47.97
27452.0,50.31
29001.0,56.78
27156.0,51.79
25465.0,47.82
23493.0,43.94
22249.0,42.28
21669.0,41.07
21429.0,40.72
21379.0,40.33
21949.0,40.47
24179.0,40.66
27492.0,40.95
28735.0,42.28
29777.0,43.16
30295.0,42.74
30874.0,42.39
31453.0,42.8
31577.0,43.67
30743.0,44.22
30185.0,43.24
30081.0,43.08
30141.0,43.3
29872.0,45.27
30437.0,48.15
32764.0,58.15
31813.0,61.68
28808.0,61.43
26489.0,59.99
26277.0,58.26
24773.0,51.34
23704.0,43.95
23454.0,43.34
23191.0,42.71
23653.0,43.11
25926.0,48.25
29296.0,54.61
31100.0,56.43
32141.0,58.5
32510.0,57.24
32586.0,55.95
32662.0,57.97
32678.0,58.04
31623.0,56.22
31004.0,52.76
30904.0,51.55
31362.0,51.85
33503.0,52.47
34531.0,54.94
34698.0,59.81
33740.0,61.98
30968.0,60.06
28188.0,56.85
27262.0,54.49
25162.0,49.07
23679.0,47.67
22745.0,48.41
22574.0,47.85
22770.0,49.03
23513.0,54.35
24843.0,54.3
26222.0,56.71
28837.0,59.02
30831.0,58.26
31209.0,58.61
30707.0,59.95
30937.0,60.54
30637.0,59.82
29790.0,58.01
29261.0,57.26
29809.0,57.8
31646.0,57.72
32279.0,58.67
32778.0,60.36
32468.0,61.88
31173.0,61.2
29121.0,59.19
26737.0,56.67
25460.0,54.64
24607.0,53.88
24290.0,53.91
23984.0,52.33
24234.0,52.66
26172.0,55.19
29064.0,55.84
30278.0,58.38
31435.0,60.18
32375.0,59.64
33194.0,59.58
33988.0,59.78
34286.0,59.93
33452.0,58.56
32946.0,56.67
33003.0,54.5
33162.0,54.33
32790.0,54.03
32359.0,54.63
33415.0,59.62
33860.0,60.9
30765.0,57.17
28288.0,52.67
27066.0,51.76
25812.0,49.55
24984.0,48.79
24479.0,49.0
24230.0,48.57
24577.0,49.91
26404.0,53.64
29368.0,55.32
30519.0,57.24
31659.0,57.94
32550.0,57.68
33294.0,57.75
34075.0,57.73
34404.0,58.01
33541.0,56.24
33119.0,54.09
33022.0,53.55
32911.0,54.6
32241.0,54.16
31804.0,55.91
32952.0,58.0
33213.0,59.0
30204.0,55.67
27684.0,51.27
26495.0,45.82
25243.0,44.01
24285.0,43.58
23993.0,43.94
23723.0,44.15
24061.0,45.28
26057.0,50.39
28919.0,55.32
30067.0,57.3
31183.0,58.79
31749.0,58.47
32128.0,59.24
32586.0,59.94
32523.0,60.64
31317.0,59.84
30414.0,56.02
30080.0,53.22
29972.0,53.21
29712.0,53.27
29503.0,55.76
30640.0,57.7
30862.0,59.13
28413.0,55.25
26378.0,51.75
25375.0,54.68
24114.0,53.77
23103.0,53.08
22597.0,53.36
22252.0,52.48
22081.0,53.49
22474.0,53.37
23401.0,53.2
24198.0,53.83
26091.0,56.16
27402.0,56.25
28035.0,56.98
28155.0,57.44
28263.0,57.59
27548.0,57.05
26175.0,53.95
25505.0,50.51
25317.0,49.62
25186.0,51.62
25513.0,54.88
27144.0,58.48
28314.0,61.7
26407.0,59.02
24808.0,58.17
23463.0,56.85
22225.0,55.55
21273.0,54.55
20777.0,55.59
20569.0,55.76
20421.0,55.77
20637.0,55.82
20924.0,53.74
20976.0,54.1
22441.0,57.07
23879.0,56.36
24796.0,54.82
25130.0,54.77
25532.0,57.28
25336.0,55.38
24186.0,52.77
23647.0,49.69
23489.0,48.82
23517.0,49.69
24147.0,53.58
26697.0,57.72
28187.0,61.36
26854.0,59.42
25109.0,57.01
23453.0,50.03
22398.0,48.21
21722.0,46.25
21476.0,46.08
21503.0,45.37
22187.0,46.39
24540.0,49.5
28185.0,56.14
29610.0,59.44
30581.0,59.87
31023.0,59.17
31491.0,59.62
32011.0,58.86
32156.0,58.84
31078.0,58.05
30417.0,53.48
30363.0,50.68
30425.0,52.68
30082.0,56.69
30084.0,60.04
31915.0,61.51
32154.0,63.3
29074.0,58.97
26599.0,57.86
25392.0,57.62
24210.0,57.33
23532.0,55.57
23222.0,55.86
23097.0,55.83
23462.0,55.39
25505.0,56.99
28740.0,56.5
30081.0,59.88
30905.0,60.48
31498.0,59.36
31974.0,59.03
32381.0,58.98
32450.0,59.74
31450.0,58.06
31049.0,55.81
30989.0,55.21
31011.0,55.8
30547.0,57.41
30433.0,58.5
32348.0,61.53
32810.0,62.27
29675.0,59.05
27210.0,58.54
26034.0,59.52
24707.0,59.29
23881.0,58.55
23566.0,57.78
23489.0,58.06
23757.0,57.82
25781.0,58.35
28948.0,58.38
30076.0,61.63
30948.0,61.72
31479.0,61.71
31904.0,60.93
32318.0,61.73
32458.0,62.03
31586.0,59.9
31140.0,58.36
31116.0,57.88
31303.0,58.34
30905.0,58.17
30794.0,61.59
32574.0,64.27
32668.0,65.41
29580.0,59.42
27147.0,57.57
25989.0,60.17
24694.0,58.63
23826.0,57.26
23431.0,55.98
23331.0,55.16
23712.0,52.93
25627.0,52.65
28828.0,55.22
29880.0,60.0
30759.0,61.63
31276.0,61.55
31930.0,60.22
32595.0,61.55
32782.0,62.01
31997.0,60.51
31505.0,58.53
31383.0,57.79
31400.0,57.63
30929.0,56.11
30813.0,58.9
32856.0,59.46
32824.0,60.56
29737.0,54.93
27329.0,52.07
26082.0,51.43
24631.0,49.31
23747.0,47.55
23632.0,48.26
23476.0,48.19
23897.0,50.67
25973.0,53.68
29256.0,57.09
30439.0,59.04
31356.0,60.42
32059.0,60.32
32565.0,60.14
33099.0,60.2
33043.0,60.39
31769.0,60.24
30958.0,59.27
30627.0,58.95
30608.0,59.09
30416.0,58.41
30420.0,58.81
32044.0,61.2
31703.0,62.58
29143.0,59.33
27040.0,58.4
25964.0,57.23
24687.0,56.63
23587.0,56.06
22984.0,56.09
22668.0,55.33
22456.0,53.47
22839.0,54.56
23797.0,55.86
24614.0,56.85
26682.0,58.54
28169.0,57.71
28725.0,57.12
28942.0,56.94
29121.0,57.02
28328.0,57.18
27074.0,51.83
26399.0,51.52
26202.0,52.96
26286.0,54.44
26663.0,58.79
28648.0,62.91
29021.0,65.18
27053.0,62.49
25492.0,59.81
24026.0,57.59
22788.0,55.86
21818.0,54.95
21288.0,54.72
20808.0,52.8
20726.0,51.3
20971.0,51.26
21308.0,51.89
21264.0,52.46
23017.0,55.86
24435.0,55.8
25207.0,54.93
25626.0,55.18
26133.0,56.91
26029.0,56.95
24892.0,54.41
24522.0,51.99
24310.0,52.1
24462.0,52.89
25004.0,58.38
27750.0,62.85
28717.0,66.68
27194.0,64.75
25428.0,60.92
23952.0,58.33
22809.0,54.85
22057.0,51.18
21805.0,50.65
21787.0,50.36
22369.0,50.48
24617.0,54.48
28075.0,58.01
29471.0,60.62
30411.0,62.01
31139.0,60.6
31797.0,61.06
32474.0,62.77
32551.0,62.97
31642.0,59.92
31245.0,59.0
31257.0,58.67
31278.0,57.53
30791.0,57.05
30801.0,59.34
32965.0,64.76
32600.0,65.56
29551.0,62.5
26989.0,59.17
25679.0,54.27
24561.0,53.14
23835.0,50.19
23427.0,49.15
23339.0,49.78
23712.0,50.54
25829.0,52.82
29284.0,56.8
30500.0,62.07
31326.0,61.85
31665.0,62.06
32070.0,61.38
32685.0,62.26
32858.0,62.66
31941.0,61.22
31518.0,60.12
31463.0,59.95
31505.0,59.95
31050.0,59.75
31050.0,62.66
33373.0,66.31
32990.0,67.91
29768.0,61.96
27211.0,60.89
26006.0,61.36
24835.0,59.48
23949.0,57.41
23640.0,56.74
23499.0,54.95
23897.0,55.1
26017.0,58.11
29440.0,59.91
30719.0,63.7
31450.0,61.94
32113.0,61.52
32502.0,62.05
32925.0,63.03
33006.0,63.12
31948.0,62.0
31430.0,60.96
31288.0,60.51
31345.0,60.76
30886.0,60.57
30936.0,61.56
33185.0,66.49
32800.0,67.82
29637.0,60.44
27250.0,59.74
25924.0,61.94
24664.0,59.74
23979.0,56.76
23510.0,56.54
23392.0,55.09
23783.0,54.81
25831.0,57.81
29193.0,58.9
30317.0,62.35
31089.0,64.37
31745.0,62.8
32271.0,63.15
32917.0,62.03
32991.0,61.54
31993.0,60.68
31527.0,59.47
31470.0,59.19
31503.0,59.2
30996.0,59.07
31014.0,65.8
33108.0,67.83
32658.0,68.1
29651.0,59.73
27200.0,57.99
26002.0,60.56
24710.0,59.01
23882.0,57.1
23598.0,55.5
23563.0,55.56
23936.0,56.77
25919.0,56.95
29362.0,60.37
30337.0,63.16
31153.0,65.97
31880.0,65.15
32476.0,63.48
32881.0,63.69
33086.0,63.98
31983.0,62.26
31079.0,59.96
31128.0,58.79
31168.0,57.77
30959.0,56.45
31260.0,57.92
32758.0,62.87
31585.0,65.1
28730.0,58.22
26902.0,57.65
25872.0,59.44
24691.0,60.37
23503.0,59.42
22919.0,59.72
22516.0,58.69
22205.0,58.61
22743.0,57.57
23750.0,57.64
24596.0,57.37
26645.0,60.5
28198.0,61.19
28651.0,61.98
28943.0,61.37
29143.0,62.62
28289.0,61.15
27033.0,58.11
26318.0,55.74
26111.0,54.72
26044.0,55.05
26484.0,56.18
28782.0,61.06
28857.0,62.4
26915.0,57.04
25116.0,56.28
28795.0,57.12
26343.0,54.18
24973.0,51.59
24387.0,51.92
24290.0,51.41
24982.0,51.61
27771.0,51.46
32742.0,51.66
36325.0,51.8
37371.0,58.01
38125.0,60.23
38117.0,61.25
37768.0,60.73
37453.0,60.37
36316.0,58.93
35757.0,56.9
35585.0,55.72
36139.0,53.69
37952.0,52.78
38818.0,57.68
38864.0,67.52
37883.0,69.75
34896.0,66.93
31439.0,60.28
27937.0,56.92
26077.0,52.2
24873.0,51.69
24519.0,52.01
24342.0,51.77
25054.0,51.66
27873.0,57.09
32498.0,61.38
35098.0,65.46
36095.0,65.93
36576.0,65.31
36532.0,64.1
36350.0,66.7
36243.0,66.97
34983.0,65.46
34155.0,64.17
33679.0,62.83
33489.0,64.03
34034.0,64.02
35726.0,71.63
35983.0,74.47
35215.0,75.41
32919.0,67.18
30334.0,64.56
25700.0,63.7
24273.0,61.33
23323.0,59.69
22994.0,59.28
23001.0,58.65
23425.0,58.74
25745.0,61.81
29053.0,66.02
31129.0,71.15
31620.0,70.55
31803.0,69.11
31921.0,66.57
31748.0,68.38
31553.0,68.64
30328.0,64.23
29551.0,62.41
29067.0,61.02
28685.0,59.61
28468.0,60.12
30078.0,71.42
31592.0,77.33
31216.0,77.38
29033.0,64.91
26932.0,61.57
23518.0,61.37
22172.0,55.53
21424.0,55.41
21073.0,55.36
21021.0,55.39
21683.0,55.57
24055.0,63.48
26845.0,65.6
28516.0,70.37
30184.0,69.4
30777.0,68.06
30878.0,67.17
30999.0,66.96
30950.0,67.59
30052.0,64.97
29162.0,62.19
28778.0,61.95
28651.0,61.44
28229.0,64.44
28077.0,82.74
29124.0,85.98
31193.0,88.16
28914.0,71.35
26574.0,65.98
25647.0,65.96
24385.0,64.46
23427.0,59.53
23103.0,59.27
23012.0,59.48
23500.0,61.73
25466.0,66.06
28014.0,71.96
29990.0,72.98
31199.0,72.92
31566.0,68.74
31649.0,68.91
31939.0,68.96
31862.0,69.59
30731.0,65.33
30146.0,60.31
29929.0,58.83
29816.0,58.75
29603.0,63.87
29634.0,70.25
30315.0,72.91
31214.0,71.91
29287.0,64.57
27015.0,59.48
27132.0,56.52
25703.0,52.13
24445.0,51.08
23777.0,51.54
23310.0,51.58
23032.0,51.63
22914.0,56.68
23315.0,65.36
25191.0,71.14
27450.0,70.1
29098.0,69.05
29865.0,64.86
30214.0,60.01
30474.0,59.71
29966.0,58.76
28956.0,55.19
28309.0,54.65
28151.0,56.99
28328.0,59.01
28564.0,73.51
28522.0,73.87
28740.0,70.87
28800.0,61.35
27357.0,58.63
26235.0,58.04
24602.0,53.6
23542.0,52.32
23160.0,52.58
23097.0,52.4
23569.0,52.65
25690.0,53.08
27958.0,55.79
30535.0,55.64
32550.0,59.13
33968.0,60.48
34634.0,60.44
35420.0,60.69
35830.0,63.42
35226.0,62.69
34513.0,60.54
34316.0,59.16
34353.0,58.13
33684.0,61.09
33348.0,70.72
32855.0,71.86
32640.0,71.95
32174.0,66.72
29918.0,64.54
26394.0,64.31
24692.0,59.63
23672.0,56.76
23146.0,56.05
22957.0,55.46
23056.0,56.03
24357.0,56.73
25735.0,55.51
27355.0,56.13
29087.0,59.56
30068.0,63.18
30624.0,61.18
31204.0,62.97
31567.0,63.73
31098.0,65.04
30273.0,57.81
30119.0,55.37
30017.0,53.82
29982.0,55.56
29725.0,65.66
29576.0,71.43
30658.0,72.25
29739.0,69.25
27760.0,67.34
24156.0,65.34
22830.0,60.0
21846.0,58.01
21270.0,57.99
21050.0,58.82
20894.0,61.17
21088.0,66.86
21175.0,72.31
21269.0,71.74
22786.0,72.06
24022.0,72.44
24871.0,71.86
25355.0,69.2
25841.0,69.47
25683.0,68.67
24673.0,66.78
24032.0,65.9
23876.0,65.72
23954.0,74.11
24325.0,74.96
26172.0,78.65
27969.0,80.51
27079.0,70.39
25429.0,68.7
25377.0,72.65
24037.0,68.74
23300.0,67.64
22990.0,66.09
22888.0,65.39
23375.0,64.7
25421.0,69.2
28802.0,72.62
30446.0,74.22
31115.0,73.81
31565.0,74.0
31938.0,74.35
32413.0,72.39
32544.0,72.25
31609.0,70.57
31082.0,68.48
30953.0,67.24
31094.0,70.41
30838.0,72.95
31198.0,74.75
33382.0,77.6
32424.0,76.09
29352.0,75.06
26844.0,67.34
26359.0,71.64
24869.0,69.21
23863.0,66.21
23473.0,62.74
23374.0,61.53
24088.0,61.38
26570.0,65.32
30510.0,74.16
32538.0,75.04
33542.0,74.22
33818.0,72.79
33711.0,71.89
33573.0,69.65
33286.0,71.11
32003.0,68.65
31348.0,66.24
30935.0,65.83
31347.0,67.62
33194.0,74.56
33808.0,77.84
33668.0,79.23
32739.0,77.27
30566.0,69.78
28256.0,66.2
26870.0,69.19
24727.0,66.64
23273.0,61.55
22365.0,58.32
21977.0,55.94
22017.0,55.66
22347.0,59.83
23145.0,68.33
23728.0,68.44
25706.0,70.55
27757.0,69.41
28718.0,68.98
28901.0,65.32
29417.0,63.74
29337.0,63.08
28325.0,62.02
27875.0,61.05
28415.0,65.6
30434.0,70.09
31384.0,73.44
32327.0,75.49
32067.0,73.28
30857.0,69.27
28315.0,62.72
23471.0,67.39
22265.0,63.39
21482.0,59.77
21123.0,57.17
21087.0,56.67
21435.0,57.52
23069.0,64.29
25459.0,71.04
26718.0,74.48
27705.0,73.01
28598.0,71.93
29081.0,71.11
29628.0,70.06
30074.0,70.23
29418.0,70.0
28494.0,67.94
28186.0,66.94
28223.0,68.21
28031.0,68.93
28717.0,75.79
30551.0,76.47
29928.0,75.53
27453.0,70.59
25521.0,67.44
24427.0,69.23
23218.0,67.24
22237.0,64.87
21610.0,60.53
21431.0,59.54
21400.0,58.9
21951.0,59.29
23000.0,66.89
23855.0,67.31
25539.0,70.91
27093.0,70.87
27626.0,70.9
27917.0,69.37
28126.0,71.46
27691.0,68.82
26396.0,61.82
25785.0,59.12
25594.0,59.0
25603.0,62.88
26476.0,68.98
28422.0,73.36
28253.0,72.34
26382.0,64.44
24704.0,59.8
23360.0,66.12
22053.0,55.83
21017.0,55.48
20452.0,56.33
20138.0,55.2
20128.0,53.58
20341.0,54.12
20834.0,54.87
21163.0,55.38
22401.0,56.96
23855.0,63.66
24636.0,64.13
24876.0,60.82
25486.0,60.18
25422.0,58.26
24263.0,56.06
23607.0,54.44
23515.0,52.19
23851.0,53.78
25254.0,57.74
27858.0,67.04
27825.0,69.15
26472.0,59.46
24810.0,55.89
23276.0,47.59
22179.0,39.33
21557.0,33.83
21185.0,34.02
21205.0,33.06
21886.0,38.77
24496.0,49.32
28238.0,61.11
30147.0,70.48
30741.0,71.55
31338.0,69.66
31843.0,70.39
32445.0,70.78
32409.0,71.38
31495.0,71.02
30856.0,70.01
30794.0,68.58
30817.0,69.33
30430.0,70.34
31467.0,73.36
33182.0,75.7
31914.0,75.56
28883.0,71.69
26449.0,67.51
25178.0,56.58
23963.0,54.73
23267.0,52.61
22966.0,51.41
22815.0,50.85
23197.0,51.78
25354.0,59.42
28913.0,69.65
30697.0,73.65
31254.0,71.77
31609.0,71.42
32052.0,71.98
32480.0,70.69
32359.0,71.19
31200.0,70.71
30461.0,65.57
30398.0,65.37
30469.0,68.09
30339.0,71.08
31622.0,71.84
33356.0,75.09
32046.0,71.0
28973.0,62.59
26536.0,58.58
25146.0,52.77
23980.0,52.24
23178.0,51.51
22907.0,50.89
22925.0,50.42
23366.0,50.51
25423.0,56.01
28964.0,66.28
30933.0,70.39
31567.0,71.36
32094.0,71.65
32441.0,70.54
32826.0,69.05
32692.0,68.7
31326.0,69.11
30638.0,66.79
30388.0,68.27
30360.0,72.68
30157.0,74.52
31226.0,75.97
32777.0,74.41
31771.0,73.43
28681.0,68.89
26331.0,65.68
24797.0,67.41
23387.0,67.02
22716.0,64.78
22398.0,62.09
22076.0,60.83
22576.0,61.02
24652.0,66.69
28310.0,73.26
30350.0,74.98
30871.0,74.29
31151.0,73.79
31570.0,74.95
31850.0,70.18
31685.0,69.02
30528.0,67.44
29905.0,62.89
29632.0,60.28
29787.0,63.91
29732.0,69.08
30957.0,69.63
32728.0,74.72
31680.0,70.42
28579.0,64.97
26376.0,59.0
24889.0,54.96
23662.0,52.8
22873.0,51.65
22658.0,51.25
22658.0,51.44
23062.0,51.56
25065.0,53.37
28707.0,66.04
30583.0,69.21
30869.0,70.02
31341.0,69.71
31654.0,68.63
31884.0,67.23
31940.0,65.46
30594.0,64.08
29992.0,60.69
29659.0,59.77
29508.0,59.94
29211.0,66.73
30584.0,71.31
32061.0,71.69
31122.0,65.95
28543.0,60.55
26474.0,53.95
25193.0,56.17
23780.0,53.46
22836.0,53.18
22154.0,53.03
21928.0,52.73
21783.0,52.78
22041.0,52.55
23373.0,54.77
24508.0,57.02
26224.0,64.42
27730.0,66.39
28061.0,67.2
28055.0,66.61
28057.0,66.52
27210.0,61.32
25867.0,55.39
24977.0,53.69
24713.0,53.39
24784.0,56.28
26456.0,64.52
28285.0,69.4
27949.0,69.2
26180.0,63.55
24444.0,61.87
22940.0,56.46
21647.0,54.63
20675.0,53.86
20132.0,54.44
19854.0,54.29
19824.0,54.47
20119.0,54.36
20681.0,53.97
21035.0,55.71
22396.0,57.08
23853.0,62.96
24534.0,62.79
24792.0,62.79
25052.0,64.92
24930.0,62.63
23803.0,56.16
22983.0,55.64
22759.0,55.56
23089.0,57.03
25118.0,69.85
27654.0,73.05
27690.0,74.21
26195.0,69.78
24494.0,67.76
22834.0,60.22
21705.0,55.77
21025.0,55.36
20816.0,55.13
20842.0,55.23
21435.0,55.95
24127.0,61.77
27930.0,69.94
30181.0,73.87
30833.0,75.12
31084.0,73.8
31300.0,74.49
31684.0,72.93
31437.0,73.57
30372.0,70.04
29821.0,67.16
29594.0,66.33
29494.0,67.86
29342.0,110.35
31103.0,116.8
32914.0,105.1
32023.0,105.48
28962.0,73.48
26435.0,67.92
24837.0,63.63
23711.0,56.18
22940.0,54.05
22620.0,53.9
22513.0,53.89
22963.0,53.82
25053.0,57.03
28905.0,71.72
30935.0,74.13
31291.0,74.45
31576.0,72.91
31644.0,73.79
31984.0,71.0
31861.0,72.06
30921.0,70.72
30226.0,69.09
30164.0,67.31
30133.0,68.72
30037.0,76.69
31775.0,79.72
33544.0,78.71
32390.0,77.91
29357.0,71.79
26842.0,66.36
25361.0,66.79
24090.0,60.12
23197.0,56.21
22958.0,54.73
22905.0,54.62
23333.0,55.71
25452.0,61.34
29294.0,72.19
31242.0,74.64
31546.0,74.96
31665.0,74.02
31832.0,73.99
32247.0,70.37
32178.0,71.08
31168.0,70.68
30564.0,70.27
30435.0,70.03
30489.0,68.93
30268.0,73.63
31923.0,75.01
33541.0,75.6
32461.0,73.72
29389.0,68.98
26850.0,67.53
25276.0,55.79
23901.0,53.33
23012.0,52.98
22680.0,53.05
22638.0,52.97
23026.0,53.08
25174.0,58.1
28859.0,71.36
30771.0,73.67
30960.0,73.66
31092.0,71.91
31181.0,70.01
31713.0,66.72
31819.0,67.47
31008.0,64.35
30365.0,63.87
30246.0,65.02
30378.0,68.15
30178.0,76.7
31897.0,78.94
33406.0,78.89
32188.0,77.35
29232.0,72.3
26865.0,67.67
25414.0,65.15
24093.0,59.42
23253.0,56.43
22944.0,55.17
22815.0,54.3
23169.0,54.16
25187.0,58.7
28933.0,69.5
30873.0,73.06
30994.0,73.71
31087.0,71.33
31166.0,70.74
31627.0,67.15
31945.0,67.53
30953.0,64.42
29924.0,58.62
29623.0,56.59
29538.0,61.49
29371.0,67.33
31028.0,72.84
31999.0,71.51
30856.0,63.97
28177.0,58.25
26081.0,55.78
24863.0,54.31
23584.0,52.96
22520.0,50.07
21963.0,50.2
21600.0,49.51
21387.0,50.23
21736.0,52.02
22960.0,55.35
24293.0,56.51
25931.0,63.4
27188.0,63.75
27197.0,60.78
27422.0,60.37
27364.0,62.11
26814.0,58.69
25492.0,55.67
24804.0,54.46
24414.0,54.33
24569.0,58.45
26468.0,67.83
27863.0,70.88
27514.0,68.57
25789.0,56.89
24158.0,55.46
22696.0,53.17
21331.0,52.31
20469.0,51.25
19867.0,50.86
19476.0,49.94
19350.0,50.31
19406.0,49.21
19847.0,50.49
20276.0,51.37
21302.0,53.06
23067.0,55.78
23852.0,55.69
24182.0,55.86
24144.0,55.64
24658.0,57.49
24346.0,53.05
23374.0,51.89
23110.0,50.16
23531.0,57.19
24881.0,68.17
26544.0,72.42
27054.0,71.51
26709.0,69.38
25347.0,66.08
23443.0,58.13
22048.0,52.91
21119.0,46.46
20496.0,42.59
20406.0,39.07
20462.0,39.33
21230.0,43.15
23902.0,55.46
27324.0,66.35
29373.0,68.82
30353.0,66.46
30651.0,63.52
31012.0,61.55
31351.0,58.16
31388.0,58.55
30435.0,61.71
29729.0,61.69
29679.0,62.6
30027.0,67.44
31649.0,73.41
32656.0,74.54
32737.0,72.88
31456.0,63.72
28479.0,58.18
26015.0,55.71
24587.0,52.71
23447.0,51.46
22765.0,49.72
22459.0,46.88
22514.0,46.45
23080.0,49.82
25223.0,56.05
28708.0,68.74
30516.0,72.19
31277.0,69.99
31397.0,68.9
31580.0,65.92
31802.0,65.46
31740.0,66.74
30752.0,66.27
30121.0,64.98
29822.0,66.82
30078.0,73.38
31777.0,80.94
32596.0,83.18
32101.0,80.14
30772.0,69.13
28070.0,61.87
25977.0,57.03
28508.0,56.66
26220.0,55.77
24893.0,51.68
24403.0,49.46
24217.0,48.99
24932.0,49.14
27641.0,48.44
32549.0,48.7
35782.0,49.31
36484.0,54.08
36841.0,54.25
36500.0,53.62
35812.0,55.5
35541.0,53.94
34391.0,51.46
33840.0,49.74
33688.0,49.67
34277.0,58.42
36267.0,69.77
37643.0,73.1
37956.0,72.96
37243.0,71.75
34502.0,67.8
31075.0,56.18
28382.0,51.35
26366.0,49.32
24766.0,48.42
24004.0,47.55
23667.0,46.94
23671.0,49.46
24052.0,56.53
25513.0,65.92
27012.0,68.86
29857.0,68.35
32270.0,67.39
32688.0,66.31
32404.0,65.39
32303.0,65.06
31667.0,66.3
30216.0,66.59
29435.0,66.94
29258.0,72.32
30235.0,79.92
32097.0,79.24
32615.0,77.07
32144.0,69.33
30733.0,62.12
28624.0,60.52
25518.0,58.68
24093.0,55.36
22857.0,52.69
22146.0,51.89
21862.0,51.63
21788.0,53.21
22072.0,61.88
22705.0,68.82
24285.0,72.73
26644.0,72.65
27886.0,69.96
27958.0,68.2
27793.0,67.32
27771.0,65.47
27005.0,64.37
25720.0,62.86
25023.0,67.24
24669.0,73.45
24893.0,75.27
27071.0,77.17
28637.0,72.93
28514.0,68.05
27062.0,66.73
25095.0,62.8
24978.0,65.0
23613.0,60.08
22631.0,55.7
22295.0,55.22
22119.0,54.98
22534.0,54.85
24594.0,55.19
27070.0,60.1
28709.0,64.24
30337.0,67.12
30824.0,68.13
31016.0,67.9
31173.0,67.37
31072.0,66.92
30021.0,65.66
29338.0,55.0
29129.0,51.08
28877.0,53.09
28347.0,67.68
28222.0,63.41
29196.0,59.4
31052.0,55.23
28832.0,52.13
26663.0,49.58
25658.0,51.26
24393.0,47.35
23521.0,39.7
23142.0,35.67
22962.0,33.39
23329.0,33.93
25191.0,34.03
27568.0,37.69
29776.0,40.63
30897.0,46.42
31481.0,46.32
31675.0,47.51
31879.0,50.18
31751.0,49.11
30653.0,45.59
30020.0,44.4
29824.0,45.19
29537.0,51.37
29220.0,68.51
29128.0,69.36
29719.0,66.86
31023.0,68.04
29509.0,67.06
26931.0,54.98
25945.0,51.58
24313.0,50.11
22954.0,42.94
22218.0,42.3
21660.0,41.81
21475.0,49.42
21194.0,57.33
21128.0,67.19
22411.0,68.83
24077.0,67.1
25726.0,64.45
26750.0,62.87
27392.0,62.98
28149.0,63.39
28367.0,64.64
27664.0,64.44
27145.0,65.07
26868.0,69.7
27001.0,72.19
27368.0,73.89
27918.0,74.0
28749.0,71.27
29675.0,68.18
27941.0,63.5
28418.0,57.58
26726.0,55.44
25565.0,53.13
25113.0,50.83
24928.0,50.37
25156.0,54.62
26789.0,64.99
28825.0,67.38
31256.0,70.29
33267.0,69.78
34530.0,69.07
35274.0,68.21
36176.0,68.8
36566.0,67.89
36029.0,67.31
35434.0,66.4
35438.0,64.45
35493.0,66.19
35072.0,70.21
34797.0,71.73
34224.0,70.58
33918.0,67.61
33615.0,66.72
31404.0,63.21
26159.0,59.46
24693.0,55.61
23610.0,53.13
23163.0,52.74
22958.0,52.6
23207.0,54.1
24485.0,59.63
25798.0,64.61
27376.0,66.43
28982.0,67.63
30061.0,66.76
30650.0,66.29
31494.0,66.63
32013.0,66.47
31399.0,65.32
30474.0,63.13
30228.0,62.12
30221.0,64.1
30037.0,69.08
29911.0,70.32
29713.0,70.5
30562.0,69.59
29599.0,66.81
27678.0,64.74
23870.0,63.31
22773.0,57.77
21989.0,55.69
21668.0,53.27
21586.0,52.17
22049.0,55.03
23803.0,60.34
26347.0,65.52
27525.0,67.22
28901.0,68.55
29756.0,67.05
30509.0,65.81
31193.0,65.46
31725.0,64.11
31233.0,62.89
30484.0,59.97
30347.0,58.49
30387.0,65.5
30258.0,70.31
30069.0,74.64
31100.0,73.25
32099.0,71.22
29493.0,67.1
27155.0,66.04
25695.0,59.96
24297.0,55.36
23574.0,54.41
23171.0,54.4
23081.0,54.43
23419.0,54.29
25494.0,55.9
28901.0,64.91
30457.0,68.87
30969.0,69.91
31381.0,68.36
31645.0,66.77
32317.0,66.97
32296.0,66.27
31447.0,63.67
30776.0,60.87
30799.0,62.52
30665.0,66.92
30108.0,73.71
30719.0,75.08
32404.0,75.28
31481.0,74.12
28645.0,68.73
26445.0,66.47
26618.0,66.72
24919.0,61.96
23740.0,60.15
23023.0,54.72
22673.0,51.95
22646.0,51.58
23238.0,53.01
24389.0,55.54
25827.0,57.76
28291.0,62.65
29586.0,63.04
29703.0,63.36
29338.0,62.74
29268.0,62.54
28458.0,60.5
27163.0,56.25
26363.0,55.85
26355.0,66.85
28692.0,72.9
29689.0,74.28
30010.0,71.47
29959.0,69.17
28444.0,66.88
26542.0,65.06
25802.0,65.65
23953.0,57.92
22800.0,54.63
22344.0,52.56
22340.0,51.8
23190.0,51.53
26185.0,51.38
31176.0,52.12
34425.0,55.9
35659.0,57.44
36513.0,59.75
36728.0,59.41
36533.0,58.0
36503.0,59.03
35274.0,56.73
34776.0,55.63
34582.0,54.05
35162.0,57.48
36702.0,69.72
37134.0,72.18
37242.0,71.26
36562.0,67.66
33872.0,60.39
30529.0,56.68
23946.0,51.26
22666.0,47.19
21946.0,41.89
21480.0,37.2
21649.0,37.39
22469.0,46.11
25364.0,55.11
29465.0,66.07
31690.0,67.59
32835.0,68.14
33308.0,64.59
33212.0,63.71
33176.0,62.83
33071.0,61.5
32055.0,59.74
31550.0,58.09
31387.0,59.3
31941.0,62.72
34181.0,70.1
35025.0,71.18
35324.0,71.59
34101.0,70.05
31421.0,67.07
28660.0,57.82
26570.0,53.18
25039.0,51.44
24094.0,50.48
23686.0,48.27
23545.0,49.06
24217.0,52.51
26893.0,54.84
31016.0,63.68
33169.0,68.64
34083.0,68.87
34362.0,65.88
34172.0,65.88
33768.0,66.37
32567.0,66.56
32105.0,67.48
31944.0,68.61
32625.0,69.21
34998.0,74.18
36420.0,75.19
35040.0,74.25
32001.0,68.18
28968.0,66.27
26872.0,60.76
25234.0,57.09
24306.0,56.3
23832.0,53.98
23835.0,53.78
24438.0,56.96
27322.0,66.56
31528.0,72.01
33937.0,74.28
34876.0,75.2
35231.0,74.21
35220.0,74.12
34892.0,73.76
34685.0,74.26
33521.0,73.82
32920.0,73.97
32523.0,74.2
33110.0,78.35
35286.0,81.6
36179.0,83.39
36454.0,83.69
34986.0,79.05
32307.0,73.65
29331.0,71.99
27265.0,73.19
25601.0,63.18
24633.0,60.33
24162.0,57.44
24089.0,57.5
24712.0,62.24
27513.0,73.03
31724.0,74.67
33828.0,77.56
34819.0,77.63
35068.0,76.88
34863.0,76.23
34555.0,75.88
34184.0,75.9
33176.0,75.85
32709.0,75.05
32435.0,75.35
32963.0,78.42
35303.0,81.09
36092.0,82.28
36366.0,81.93
35029.0,81.15
32155.0,75.99
29186.0,73.55
27057.0,75.22
25399.0,65.52
24396.0,61.41
23933.0,57.03
23926.0,56.6
24560.0,61.53
27152.0,74.17
31789.0,76.99
33828.0,78.19
34709.0,78.01
34834.0,76.88
34547.0,75.6
34304.0,76.46
33911.0,76.04
32644.0,74.66
31981.0,73.73
31674.0,72.88
32154.0,74.16
34141.0,78.74
34686.0,78.8
34657.0,78.67
33627.0,76.08
31555.0,73.92
29100.0,72.35
27250.0,65.28
25470.0,61.62
24134.0,58.03
23500.0,56.63
23113.0,54.98
23138.0,55.24
23673.0,57.64
25091.0,61.49
26592.0,62.2
29036.0,66.08
30292.0,66.18
30208.0,65.57
29748.0,64.51
29537.0,64.2
28912.0,63.23
27788.0,61.94
27108.0,63.71
27617.0,73.76
29943.0,79.34
30720.0,79.89
31137.0,74.59
30622.0,71.45
29161.0,69.97
27236.0,67.9
25166.0,63.96
23408.0,61.62
22177.0,57.83
21545.0,56.88
21282.0,56.54
21212.0,57.03
21768.0,57.04
22147.0,57.13
22752.0,58.09
24800.0,59.13
26305.0,61.02
26834.0,60.46
26791.0,62.41
26980.0,63.5
26808.0,62.09
25815.0,59.84
25274.0,62.05
25590.0,71.49
28356.0,80.69
29769.0,81.36
30797.0,80.85
30689.0,77.7
29439.0,75.25
27118.0,75.03
24893.0,74.73
23266.0,65.46
22363.0,61.9
22089.0,58.11
22281.0,58.05
23055.0,60.04
26155.0,75.97
30817.0,82.58
33555.0,80.78
34564.0,81.03
35056.0,78.55
34772.0,77.3
34448.0,75.36
34028.0,73.78
32852.0,70.43
32270.0,68.29
32036.0,68.07
32768.0,80.54
35213.0,87.08
35909.0,88.1
36032.0,82.36
34922.0,76.3
32239.0,70.31
29197.0,69.77
27002.0,71.63
25297.0,64.65
24341.0,59.77
24006.0,58.54
23980.0,57.48
24593.0,59.12
27117.0,61.22
31553.0,74.16
33965.0,80.3
34933.0,81.23
35123.0,77.93
34812.0,74.71
34551.0,74.06
34082.0,70.47
32921.0,68.22
32493.0,68.18
32442.0,68.4
33103.0,75.2
35495.0,82.78
36306.0,80.77
36547.0,77.45
35424.0,73.41
32708.0,67.46
29501.0,60.65
27587.0,61.13
25948.0,56.96
24845.0,54.18
24392.0,52.23
24230.0,52.1
24958.0,56.11
27861.0,67.71
32180.0,76.08
34579.0,80.65
35288.0,77.79
35492.0,75.66
35250.0,73.91
34928.0,71.23
34697.0,69.04
33287.0,62.54
32760.0,61.06
32558.0,60.66
33433.0,67.83
35615.0,74.45
36276.0,73.65
36543.0,69.95
35354.0,63.26
32563.0,60.85
29512.0,56.54
27479.0,53.13
25660.0,51.82
24701.0,49.65
24275.0,47.07
24156.0,48.88
24768.0,50.98
27297.0,52.59
31251.0,61.19
33527.0,69.12
34301.0,65.56
34469.0,65.3
34380.0,65.57
34222.0,65.31
33862.0,65.25
32565.0,62.15
31982.0,62.05
32070.0,65.67
33145.0,77.55
35307.0,83.92
35943.0,84.61
35731.0,81.87
34841.0,75.3
32257.0,69.25
29390.0,64.01
27389.0,58.32
25661.0,55.72
24589.0,54.33
24154.0,53.93
24147.0,53.79
24605.0,54.62
27133.0,58.51
31341.0,66.91
33377.0,70.55
34067.0,73.53
34391.0,73.29
34293.0,71.3
34080.0,71.95
33766.0,71.15
32782.0,68.57
32199.0,69.04
31866.0,71.8
32506.0,77.34
34345.0,82.9
34322.0,78.39
34253.0,73.38
33287.0,72.1
31271.0,70.48
29049.0,63.43
27312.0,61.19
25487.0,57.05
23994.0,55.46
23316.0,54.97
22969.0,54.9
22905.0,54.23
23490.0,54.28
24730.0,57.36
26157.0,59.49
28726.0,63.16
30486.0,64.8
30654.0,62.77
30392.0,61.63
30288.0,58.61
29631.0,57.14
28465.0,56.44
27695.0,57.4
27913.0,68.71
29928.0,75.05
30515.0,75.78
30908.0,73.13
30647.0,72.04
29254.0,63.56
27205.0,62.57
25339.0,58.48
23429.0,56.58
22082.0,55.31
21506.0,52.82
21216.0,51.57
21234.0,50.6
21605.0,53.68
22314.0,54.71
22848.0,55.88
24937.0,58.03
26748.0,59.55
27319.0,59.63
27181.0,62.56
27400.0,61.35
27227.0,61.45
26086.0,58.84
25395.0,58.97
25935.0,65.62
28590.0,75.72
29867.0,76.86
30862.0,78.2
30847.0,80.25
29654.0,75.32
27263.0,72.47
25000.0,60.28
23403.0,55.78
22547.0,54.15
22193.0,53.89
22213.0,53.89
23138.0,56.71
26258.0,70.79
31110.0,75.45
33977.0,77.5
35203.0,78.28
35911.0,76.5
35681.0,75.4
35368.0,75.16
35050.0,74.16
34006.0,74.15
33553.0,75.46
33350.0,75.72
34132.0,78.81
36176.0,85.81
36678.0,83.99
36817.0,83.92
35824.0,82.6
33035.0,76.09
29885.0,73.97
27599.0,76.04
25852.0,71.44
24784.0,61.31
24276.0,59.74
24254.0,57.75
24930.0,57.39
27517.0,69.51
32190.0,78.24
34843.0,81.62
35945.0,81.75
36416.0,83.51
36358.0,81.95
35972.0,79.86
35674.0,77.62
34653.0,75.39
34114.0,74.13
34069.0,76.77
34917.0,82.9
36813.0,86.7
37178.0,86.23
37183.0,82.7
35948.0,81.11
33140.0,73.26
29990.0,70.31
27636.0,73.55
25769.0,64.13
24670.0,58.13
24352.0,57.52
24236.0,57.03
25007.0,57.3
27715.0,67.54
32507.0,79.13
34920.0,81.17
36036.0,82.09
36722.0,82.08
36727.0,81.96
36536.0,81.36
36257.0,81.1
34982.0,79.37
34479.0,77.35
34138.0,76.21
34907.0,81.33
36829.0,84.39
37314.0,83.8
37459.0,83.38
35981.0,76.5
33239.0,69.89
30116.0,68.18
27699.0,62.98
25856.0,60.02
24745.0,58.22
24323.0,56.73
24441.0,56.62
25002.0,58.83
27761.0,68.54
32395.0,79.3
35150.0,82.12
36164.0,82.78
36742.0,83.18
36353.0,82.44
35969.0,82.26
35652.0,82.65
34583.0,80.85
34274.0,78.83
34390.0,79.4
35272.0,82.43
37436.0,86.01
38103.0,86.0
38325.0,85.25
37003.0,78.66
34318.0,74.72
31089.0,74.22
28355.0,75.76
26180.0,65.74
24805.0,63.77
24238.0,57.21
24168.0,56.62
24841.0,59.58
27338.0,61.1
32226.0,76.18
35449.0,80.24
36194.0,80.77
36318.0,79.5
35824.0,78.14
35236.0,74.48
34968.0,69.34
33769.0,64.09
33330.0,63.93
33268.0,65.68
33844.0,76.72
35905.0,84.6
37104.0,86.11
37124.0,86.06
36367.0,79.5
33694.0,77.67
30251.0,76.38
26513.0,68.61
24497.0,63.69
22879.0,60.73
22031.0,59.37
21624.0,57.54
21555.0,57.35
21955.0,58.75
22618.0,60.47
23160.0,67.74
25405.0,75.05
27652.0,76.83
28838.0,74.3
29228.0,72.98
29525.0,66.04
29208.0,62.2
27716.0,59.72
26854.0,59.76
26679.0,62.07
27938.0,78.07
30386.0,78.3
31649.0,77.85
31582.0,73.9
30549.0,71.86
28145.0,69.13
23551.0,63.22
22094.0,60.38
20964.0,58.3
20274.0,56.3
20019.0,54.73
19996.0,54.81
20246.0,56.77
20336.0,59.3
21149.0,60.93
22964.0,62.57
24361.0,66.49
24948.0,68.22
24810.0,70.67
24951.0,67.79
24670.0,64.32
23695.0,63.1
23111.0,63.64
22955.0,76.23
23571.0,82.4
26212.0,82.99
28448.0,81.38
28438.0,80.34
27248.0,77.13
25329.0,75.17
25071.0,72.75
23765.0,63.54
22679.0,60.55
22297.0,60.12
22158.0,61.01
22500.0,63.06
24282.0,73.76
26616.0,81.22
28156.0,83.44
29690.0,84.57
30278.0,86.15
30347.0,85.4
30364.0,85.24
30306.0,83.74
29517.0,82.89
28790.0,83.24
28515.0,83.57
28366.0,86.43
27883.0,90.29
27670.0,90.59
28393.0,89.74
30059.0,83.09
27841.0,80.35
25961.0,75.56
25433.0,75.43
24144.0,71.75
23208.0,66.92
22762.0,64.07
22611.0,63.81
23025.0,66.06
24866.0,76.11
27179.0,80.66
29567.0,85.82
30779.0,86.14
31173.0,87.29
31408.0,86.81
31663.0,85.96
31583.0,84.52
30505.0,84.86
29882.0,83.6
29569.0,84.28
29307.0,91.93
28961.0,99.0
28812.0,99.95
29042.0,99.63
30221.0,93.73
28886.0,85.86
26655.0,82.54
26083.0,85.19
24489.0,82.15
23480.0,78.26
23067.0,76.64
23047.0,76.49
23583.0,79.23
25569.0,80.32
28191.0,75.28
30887.0,75.92
32792.0,81.15
34199.0,81.87
35053.0,82.17
35724.0,81.19
36230.0,81.7
35712.0,81.74
35546.0,77.35
35670.0,76.81
35839.0,82.43
35344.0,92.05
34667.0,94.03
34047.0,92.05
33760.0,83.35
32936.0,79.27
30389.0,77.3
29848.0,76.97
27896.0,67.08
26582.0,65.72
25992.0,59.36
25767.0,59.08
26015.0,61.96
27405.0,68.26
29534.0,76.1
31848.0,86.91
34080.0,87.05
35655.0,85.78
36545.0,83.68
37679.0,82.1
38236.0,80.11
37767.0,78.46
37308.0,77.25
37306.0,78.16
37315.0,84.92
36700.0,93.77
36275.0,93.63
35845.0,86.8
35365.0,84.06
34985.0,78.03
32775.0,74.74
26111.0,66.97
24672.0,64.13
23457.0,61.98
22773.0,56.02
22477.0,54.88
22121.0,55.71
22452.0,63.76
22531.0,71.8
23714.0,73.77
25644.0,74.61
27291.0,75.72
28116.0,75.51
28493.0,77.34
28827.0,73.11
28500.0,68.97
27762.0,67.46
27153.0,70.93
26831.0,77.27
26869.0,84.94
26965.0,86.55
27254.0,87.32
28672.0,86.57
28064.0,79.6
26163.0,72.54
25990.0,72.47
24811.0,65.23
24100.0,62.47
23656.0,60.83
23557.0,59.93
23957.0,61.01
25851.0,64.89
28789.0,70.47
30089.0,76.19
31198.0,82.04
32130.0,82.64
32886.0,79.82
33561.0,79.1
33711.0,77.48
32687.0,74.52
32137.0,71.39
32087.0,74.04
32222.0,79.68
31897.0,91.28
31580.0,91.56
32692.0,84.56
33374.0,77.95
30437.0,74.93
27965.0,70.51
25394.0,60.57
24017.0,59.89
23027.0,57.97
22552.0,54.68
22207.0,46.34
21989.0,44.28
22147.0,34.2
22757.0,37.04
22804.0,39.83
24049.0,50.07
25409.0,58.78
25889.0,59.77
26162.0,61.66
26589.0,60.11
26252.0,55.69
25107.0,54.31
24528.0,51.56
24303.0,57.58
24473.0,64.15
25483.0,68.59
27810.0,70.3
27926.0,70.55
26512.0,66.0
24818.0,61.33
24668.0,42.62
22990.0,23.32
21904.0,19.22
21183.0,13.54
20924.0,11.98
20869.0,21.21
21213.0,44.34
21552.0,60.52
22008.0,71.54
24009.0,75.53
25515.0,77.1
26031.0,75.5
25944.0,73.03
26212.0,66.87
25910.0,64.08
24902.0,61.74
24298.0,62.73
24530.0,73.75
27148.0,85.06
28560.0,85.28
29476.0,79.9
29489.0,77.11
28137.0,71.92
26081.0,61.85
28175.0,59.0
26029.0,55.23
24810.0,53.56
24273.0,52.78
24276.0,52.84
25000.0,55.71
27737.0,65.43
32680.0,80.04
35541.0,81.26
36604.0,83.3
37077.0,84.52
36929.0,83.27
36373.0,82.26
36191.0,80.42
35193.0,78.88
34870.0,77.93
34665.0,79.04
35328.0,83.95
37277.0,93.44
37886.0,94.47
38103.0,86.11
37363.0,84.0
34683.0,77.78
31313.0,76.35
28834.0,75.37
26625.0,68.06
25295.0,59.62
24852.0,59.05
24766.0,58.51
25429.0,58.72
28162.0,60.96
33091.0,78.51
36165.0,83.46
37128.0,84.11
37397.0,84.98
37210.0,84.67
36996.0,83.9
36873.0,82.36
35831.0,79.5
35546.0,78.36
35427.0,78.13
36207.0,81.94
38023.0,86.47
38429.0,86.58
38505.0,84.72
37701.0,78.68
34917.0,76.54
31506.0,66.83
28782.0,59.11
26656.0,52.22
25288.0,49.49
24874.0,49.54
24756.0,50.05
25388.0,52.44
28028.0,58.43
32714.0,66.12
35609.0,73.44
36470.0,78.03
36764.0,77.79
36635.0,74.96
36381.0,71.03
36217.0,69.73
35298.0,68.19
34795.0,70.07
34781.0,73.75
35747.0,79.08
37264.0,85.29
37565.0,84.8
37580.0,79.98
36887.0,78.12
34324.0,68.12
30985.0,63.22
28574.0,54.94
26489.0,48.74
25046.0,44.08
24547.0,39.26
24507.0,35.5
25045.0,42.06
27559.0,54.96
32236.0,64.39
34774.0,79.03
35475.0,80.62
35834.0,80.12
35866.0,78.27
35536.0,75.54
35350.0,71.95
34115.0,69.89
33564.0,68.03
33527.0,71.85
34281.0,78.95
35685.0,84.47
35769.0,80.86
35655.0,80.22
34736.0,78.98
32505.0,70.53
29996.0,63.31
28277.0,60.84
26275.0,55.85
24788.0,52.13
23927.0,44.81
23423.0,42.81
23394.0,42.94
24093.0,49.5
25715.0,56.15
27509.0,63.76
30068.0,68.91
31816.0,70.65
32035.0,68.81
31479.0,65.79
31337.0,61.22
30681.0,61.48
29454.0,61.52
28788.0,62.45
29317.0,72.06
31756.0,79.78
32411.0,82.33
33065.0,81.45
32818.0,79.12
31346.0,76.36
29430.0,62.75
27124.0,62.04
24847.0,58.05
23272.0,54.0
22350.0,47.52
21989.0,43.48
22033.0,45.61
22564.0,46.34
23355.0,50.39
24225.0,54.71
26294.0,59.38
28577.0,61.57
29291.0,60.85
29208.0,60.57
29468.0,61.68
29312.0,59.25
28231.0,56.7
27717.0,57.8
28167.0,68.25
30948.0,78.38
32280.0,82.85
33404.0,84.73
33639.0,85.77
32379.0,81.1
29822.0,75.79
26926.0,63.96
24809.0,55.68
23654.0,51.93
23107.0,51.91
23131.0,52.22
23982.0,53.53
27169.0,60.67
32401.0,76.52
35688.0,79.07
37066.0,78.13
37637.0,79.73
37480.0,79.79
37039.0,78.66
37037.0,77.59
35868.0,77.62
35605.0,78.23
35578.0,79.96
36336.0,81.41
38141.0,88.63
38603.0,86.3
38861.0,81.51
38006.0,77.33
35254.0,70.13
31710.0,63.3
29193.0,55.13
26839.0,53.2
25453.0,47.37
24848.0,43.19
24708.0,44.07
25381.0,49.75
28138.0,56.55
33070.0,72.36
35989.0,77.5
36993.0,78.61
37346.0,80.97
36965.0,79.9
36474.0,78.75
36186.0,77.49
35237.0,76.94
34899.0,77.01
34742.0,77.72
35526.0,79.85
37440.0,86.76
38133.0,85.18
38388.0,80.71
37740.0,78.89
35029.0,73.05
31599.0,67.3
28936.0,59.24
26699.0,56.52
25379.0,53.83
24917.0,52.54
24818.0,52.05
25557.0,54.13
28268.0,61.99
33172.0,76.37
36350.0,81.23
37326.0,82.16
37726.0,83.3
37339.0,81.66
36881.0,81.75
36541.0,80.72
35472.0,79.18
34904.0,79.14
34728.0,79.17
35401.0,80.84
37405.0,85.81
37907.0,85.75
38085.0,81.67
37476.0,78.88
34941.0,71.82
31692.0,69.74
29107.0,66.33
26747.0,58.26
25316.0,56.31
24791.0,51.07
24741.0,49.47
25328.0,56.19
28085.0,62.37
32632.0,74.28
35800.0,76.91
36915.0,77.1
37237.0,78.03
36495.0,77.88
35751.0,76.54
35361.0,76.55
34284.0,77.72
33717.0,77.47
33567.0,77.62
34264.0,78.51
36291.0,82.68
36981.0,84.41
37208.0,82.05
36635.0,79.07
34445.0,76.85
31335.0,73.4
28737.0,67.38
26197.0,57.48
24912.0,53.64
24315.0,50.51
24220.0,49.99
24856.0,49.9
27243.0,56.68
31785.0,69.91
34940.0,73.79
36023.0,74.05
36343.0,76.43
35728.0,75.02
34784.0,73.02
34271.0,69.22
33076.0,69.0
32243.0,67.99
32069.0,67.55
32575.0,70.39
34508.0,77.7
34983.0,77.05
35053.0,75.42
34367.0,72.39
32606.0,69.57
30032.0,62.76
27639.0,55.87
25305.0,50.69
23590.0,46.8
22778.0,45.08
22347.0,45.89
22246.0,46.31
22976.0,48.22
24500.0,51.65
26142.0,55.68
28843.0,56.85
30716.0,65.94
30869.0,66.01
30259.0,63.71
30017.0,67.25
29429.0,67.93
28549.0,66.35
27953.0,64.82
28272.0,67.61
30533.0,74.86
31257.0,75.65
31714.0,75.14
31560.0,71.67
30357.0,68.37
28299.0,67.85
25787.0,57.14
23559.0,52.7
21948.0,49.32
21096.0,46.52
20647.0,43.51
20680.0,44.91
21058.0,48.34
22040.0,51.52
23151.0,52.25
25712.0,56.33
27923.0,58.17
28528.0,57.61
28063.0,58.07
27999.0,60.57
27537.0,61.53
26377.0,58.25
25900.0,59.01
26512.0,66.13
29465.0,73.34
30094.0,76.24
29273.0,77.99
27618.0,78.69
25548.0,71.87
24598.0,66.57
23814.0,70.49
22630.0,67.5
21166.0,63.6
19993.0,60.12
19311.0,57.07
19221.0,55.2
19534.0,53.21
20067.0,51.83
20286.0,52.5
21595.0,53.08
23887.0,60.09
25401.0,60.26
25810.0,59.83
25947.0,57.88
25185.0,49.8
23465.0,40.22
23073.0,38.77
23617.0,45.67
25831.0,52.15
26849.0,58.63
27659.0,60.91
28036.0,64.93
27550.0,63.83
25653.0,58.51
23310.0,54.37
21301.0,46.95
20148.0,40.85
19552.0,41.38
19402.0,40.39
20001.0,41.05
21836.0,51.03
24539.0,59.45
27215.0,65.47
29704.0,68.4
31381.0,69.7
32029.0,67.58
31921.0,63.45
32247.0,59.83
31537.0,55.29
30268.0,49.6
30062.0,47.07
30526.0,56.36
32217.0,64.87
32470.0,64.34
32654.0,57.82
32597.0,57.1
30883.0,49.31
28137.0,42.43
25526.0,36.06
23257.0,29.03
22012.0,21.8
21442.0,19.94
21171.0,19.98
21768.0,21.81
23709.0,29.52
26884.0,42.96
29609.0,51.0
32112.0,54.66
33493.0,61.45
33713.0,59.63
33413.0,58.15
33559.0,58.33
32534.0,55.89
31657.0,56.09
31491.0,59.57
32002.0,64.49
33643.0,67.92
34025.0,67.41
34058.0,68.51
33499.0,67.2
31443.0,65.03
28621.0,61.12
26118.0,48.51
23836.0,41.57
22376.0,37.84
21734.0,36.2
21484.0,36.42
22005.0,39.49
23918.0,46.95
27150.0,52.34
29814.0,60.51
32146.0,62.37
33206.0,62.78
33375.0,61.67
32910.0,62.24
32908.0,60.07
31830.0,57.7
30934.0,57.92
30791.0,60.02
31213.0,62.35
32890.0,69.4
33102.0,70.71
33035.0,69.61
32538.0,67.46
30683.0,64.5
27882.0,63.04
25496.0,53.42
23300.0,49.15
22069.0,45.49
21429.0,41.84
21214.0,42.09
21700.0,42.4
23666.0,49.19
26617.0,53.15
29011.0,57.37
31199.0,59.81
32341.0,60.59
32423.0,60.16
31786.0,58.94
31737.0,57.42
30720.0,56.32
29652.0,54.88
29295.0,57.38
29584.0,59.68
31276.0,65.84
31680.0,66.43
31732.0,66.04
31186.0,63.77
29628.0,60.6
27374.0,56.73
25244.0,41.01
23288.0,31.71
21812.0,31.69
21031.0,32.0
20647.0,28.45
20701.0,27.25
21427.0,29.27
22847.0,32.67
24337.0,36.8
26391.0,48.34
28191.0,52.1
28447.0,50.05
27936.0,47.69
27885.0,49.63
27516.0,49.85
26463.0,48.89
25785.0,49.68
25976.0,51.4
28270.0,61.24
29018.0,62.92
29365.0,62.1
29311.0,60.09
28286.0,55.85
26363.0,53.57
24257.0,41.44
22207.0,30.32
20799.0,21.77
19921.0,21.39
19555.0,18.22
19471.0,17.73
19802.0,17.95
20647.0,19.23
21443.0,22.25
23246.0,29.27
25466.0,32.59
26488.0,30.99
26517.0,28.82
26756.0,28.13
26574.0,26.07
25430.0,21.96
24977.0,22.61
25451.0,27.25
28132.0,35.37
29097.0,39.9
28666.0,39.54
27260.0,32.9
25043.0,23.85
23680.0,23.95
22779.0,20.76
22009.0,19.02
20589.0,17.9
19547.0,20.88
18871.0,18.83
18688.0,15.8
18869.0,18.7
19263.0,19.97
19046.0,21.91
19563.0,17.82
21063.0,14.63
22448.0,14.69
23033.0,14.0
23680.0,14.14
23918.0,17.69
22626.0,17.62
22130.0,16.99
22607.0,20.66
25198.0,28.2
26477.0,32.37
27326.0,30.39
27534.0,32.2
26946.0,32.9
24878.0,26.95
28084.0,29.42
26180.0,23.58
25063.0,20.21
24672.0,18.58
24537.0,17.8
25261.0,22.02
27911.0,35.01
32762.0,50.65
35344.0,58.61
36342.0,57.43
36727.0,60.31
36772.0,58.48
36642.0,57.08
36684.0,56.33
35554.0,56.54
35155.0,55.13
34958.0,54.64
35112.0,57.35
36077.0,61.67
37957.0,62.34
38313.0,64.51
37394.0,63.33
34645.0,59.09
31297.0,48.64
28930.0,22.7
26848.0,17.25
25598.0,15.01
25203.0,12.6
24987.0,12.4
25730.0,14.92
28433.0,23.01
32647.0,47.4
35564.0,60.64
36996.0,61.65
37853.0,63.48
37462.0,61.69
37710.0,61.06
36951.0,59.23
35258.0,58.87
34981.0,57.6
34927.0,56.35
35080.0,58.57
35274.0,62.88
37370.0,62.54
38355.0,63.04
37128.0,61.77
34310.0,59.29
31080.0,50.74
24890.0,36.5
22892.0,17.22
21436.0,12.96
20636.0,12.28
20276.0,13.72
20235.0,19.94
20708.0,30.29
21220.0,40.25
21777.0,55.12
23736.0,56.32
25195.0,57.75
25876.0,57.08
25610.0,56.58
25179.0,55.28
24932.0,53.47
23987.0,52.87
23262.0,52.4
22859.0,57.71
22924.0,59.34
23696.0,58.13
26026.0,58.66
28770.0,57.99
27734.0,56.78
26027.0,49.69
24004.0,38.47
22300.0,23.57
21162.0,16.24
20561.0,14.22
20264.0,13.62
20037.0,21.44
20223.0,32.25
20090.0,47.08
21114.0,58.94
23050.0,59.92
24492.0,62.46
25223.0,61.78
25389.0,61.63
25542.0,60.11
25099.0,59.9
23834.0,60.97
23017.0,61.71
22735.0,63.29
22835.0,67.18
23281.0,67.85
24770.0,69.6
27316.0,68.98
26745.0,64.93
24843.0,61.69
25315.0,62.76
23802.0,57.79
22721.0,51.25
22606.0,47.65
22345.0,39.23
22638.0,38.62
24358.0,38.98
26797.0,44.7
29053.0,50.73
30364.0,54.88
31084.0,60.5
31549.0,61.79
31908.0,60.79
31924.0,57.9
31032.0,55.34
30223.0,52.4
29762.0,46.01
29657.0,51.18
29153.0,57.17
28886.0,56.13
28695.0,57.17
29112.0,56.93
28473.0,54.39
26404.0,52.83
25657.0,48.65
24090.0,25.47
22924.0,26.37
22334.0,27.0
21903.0,26.15
21520.0,27.44
21368.0,29.65
21291.0,32.91
22570.0,40.1
24388.0,52.93
25963.0,54.83
26848.0,59.76
27451.0,58.45
27952.0,60.67
28153.0,60.24
27341.0,56.83
26724.0,56.08
26355.0,60.86
26132.0,68.36
26550.0,76.47
27009.0,78.39
27768.0,83.31
28830.0,77.03
27283.0,70.92
28973.0,71.54
26978.0,62.36
25717.0,57.12
25007.0,54.64
24715.0,54.37
24865.0,55.67
26500.0,63.83
28418.0,70.69
31016.0,76.22
33411.0,75.63
34929.0,77.49
36404.0,76.51
37537.0,76.37
38181.0,74.99
37951.0,74.59
37465.0,74.51
37143.0,72.71
36836.0,73.33
36254.0,77.39
35460.0,78.13
34656.0,78.73
34867.0,77.09
34253.0,74.49
32022.0,72.72
28117.0,72.24
26500.0,58.13
25217.0,51.61
24377.0,50.56
23901.0,49.89
23569.0,49.85
23825.0,51.55
24302.0,59.72
25030.0,64.86
27215.0,70.23
29131.0,71.18
30124.0,68.16
30821.0,65.86
31551.0,63.52
31594.0,61.71
30933.0,61.66
30414.0,62.75
30087.0,65.84
29701.0,75.75
29364.0,77.63
29672.0,77.86
31042.0,76.34
29442.0,73.3
27625.0,69.13
23720.0,65.84
22667.0,55.01
21892.0,53.66
21649.0,51.71
21547.0,52.17
22136.0,51.71
24622.0,54.75
28097.0,65.12
29724.0,72.85
30807.0,73.29
31501.0,73.7
32181.0,65.99
32949.0,65.55
33195.0,56.26
32426.0,54.42
31895.0,55.59
31644.0,55.39
31656.0,58.42
30812.0,61.47
30893.0,64.01
32858.0,68.79
32059.0,65.99
29129.0,55.28
26755.0,52.91
26485.0,45.39
24649.0,40.84
23220.0,38.45
22586.0,38.6
22221.0,38.58
22148.0,41.77
22469.0,47.04
22957.0,57.74
23960.0,63.98
25994.0,65.4
27364.0,65.15
27682.0,64.87
27398.0,62.43
27520.0,61.42
27262.0,62.09
26185.0,61.38
25375.0,61.43
25196.0,63.9
27299.0,66.54
28822.0,67.36
29569.0,71.2
29496.0,69.44
28344.0,63.93
26424.0,64.0
27592.0,59.98
25652.0,53.68
24165.0,50.61
23445.0,50.21
23176.0,50.36
23167.0,51.59
23782.0,60.34
25273.0,65.41
26823.0,71.96
29418.0,72.19
30850.0,73.94
31070.0,73.1
30452.0,71.03
30335.0,69.7
29804.0,67.72
28701.0,67.44
27893.0,67.34
28646.0,67.82
30653.0,74.12
31068.0,74.62
31525.0,74.41
31244.0,72.5
29784.0,69.03
27859.0,67.13
29696.0,59.8
27207.0,52.59
25639.0,51.04
24942.0,50.58
24452.0,50.61
24303.0,50.94
24930.0,51.55
26539.0,54.16
28350.0,55.8
31034.0,62.3
33328.0,64.72
33998.0,64.52
33837.0,63.71
34051.0,63.45
33580.0,62.97
32283.0,60.04
31363.0,59.55
31130.0,60.63
32760.0,66.62
33712.0,67.23
34044.0,69.09
33730.0,67.45
32351.0,64.01
30229.0,62.73
27927.0,53.24
25579.0,49.7
23887.0,48.46
22968.0,47.12
22367.0,47.08
22345.0,46.93
22849.0,48.79
23666.0,49.89
24472.0,50.59
26437.0,53.33
29091.0,58.9
30443.0,59.48
30689.0,59.72
31383.0,62.95
31230.0,63.42
29789.0,58.78
28694.0,58.03
28529.0,59.82
30829.0,66.87
32694.0,70.72
33733.0,73.12
33944.0,73.72
32725.0,70.92
29987.0,66.46
27071.0,64.88
24897.0,57.73
23763.0,51.82
23367.0,50.38
23467.0,49.88
24232.0,51.18
27441.0,59.49
32817.0,64.55
36481.0,71.3
37847.0,72.18
38595.0,72.45
38455.0,70.06
37900.0,68.24
37541.0,66.89
36353.0,64.55
35719.0,63.57
35397.0,61.81
35698.0,63.78
37389.0,69.68
38677.0,71.95
39011.0,72.82
38107.0,69.11
35180.0,64.34
31684.0,58.57
29080.0,48.94
26989.0,45.15
25534.0,42.74
25043.0,40.14
24865.0,39.17
25549.0,43.36
28376.0,48.05
33340.0,56.06
36495.0,66.83
37428.0,69.15
37824.0,69.03
37398.0,67.35
36831.0,65.43
36585.0,62.54
35295.0,61.29
34766.0,58.83
34470.0,56.12
34557.0,59.2
36302.0,68.0
37882.0,69.79
38338.0,71.4
37592.0,68.58
34775.0,59.42
31260.0,52.75
28778.0,47.32
26633.0,44.35
25428.0,40.72
24967.0,40.18
24989.0,40.87
25634.0,40.91
28262.0,46.56
33043.0,52.37
35912.0,65.2
36749.0,68.03
37048.0,69.32
36698.0,63.99
36159.0,62.97
35820.0,62.09
34651.0,61.84
34068.0,61.42
33707.0,61.16
33755.0,62.85
35431.0,70.62
37130.0,72.27
37595.0,73.65
36879.0,72.63
34112.0,67.16
30874.0,64.5
28515.0,63.53
26561.0,55.84
25257.0,51.29
24791.0,49.62
24778.0,49.12
25257.0,50.04
27986.0,58.85
32829.0,62.2
35707.0,66.45
36607.0,67.08
36925.0,68.39
36500.0,68.03
35916.0,67.41
35405.0,66.48
34314.0,66.29
34010.0,66.13
33899.0,66.04
33977.0,66.06
35741.0,69.45
37255.0,70.34
37653.0,70.34
36865.0,68.24
34299.0,66.81
30981.0,65.94
28699.0,62.39
26600.0,54.72
25369.0,50.95
24703.0,49.39
24656.0,49.16
25377.0,49.31
28142.0,55.84
32852.0,62.73
35889.0,65.51
36801.0,65.47
37239.0,66.38
37076.0,65.58
36506.0,63.95
36183.0,61.25
34645.0,61.01
33562.0,58.36
33088.0,58.36
32951.0,61.14
34431.0,67.38
35955.0,68.01
36042.0,67.94
35367.0,66.06
33186.0,65.12
30589.0,64.5
28582.0,62.08
26467.0,52.78
24933.0,46.5
24084.0,46.97
23565.0,45.53
23551.0,45.05
24171.0,45.52
25806.0,49.02
27507.0,47.99
29919.0,55.89
31735.0,62.72
32020.0,62.28
31350.0,55.86
31356.0,57.75
30633.0,54.27
29464.0,47.48
28486.0,46.46
28463.0,50.23
30102.0,56.38
31769.0,62.45
32104.0,64.48
31837.0,63.49
30526.0,52.34
28532.0,47.95
26212.0,46.61
24156.0,37.33
22697.0,36.0
21952.0,34.46
21541.0,28.18
21645.0,32.0
22110.0,35.42
22961.0,39.87
23554.0,45.32
25384.0,47.98
27481.0,53.27
28276.0,51.7
28007.0,49.36
28038.0,53.88
27927.0,51.94
26581.0,48.31
25872.0,47.87
25619.0,51.69
27580.0,64.92
29949.0,67.23
31164.0,68.15
31311.0,69.7
30226.0,66.65
27842.0,64.23
25370.0,62.18
23756.0,49.13
22898.0,45.59
22486.0,44.89
22575.0,44.28
23415.0,44.86
26439.0,49.32
31221.0,61.56
34126.0,64.72
35114.0,66.14
35461.0,67.02
35093.0,65.83
34739.0,65.62
34411.0,63.89
33384.0,61.85
32750.0,59.04
32288.0,58.19
32365.0,61.78
33735.0,65.45
35367.0,67.11
35896.0,68.63
35142.0,67.14
32692.0,63.68
29479.0,62.07
27520.0,62.85
25849.0,56.68
24688.0,53.0
24223.0,51.56
24215.0,51.65
24775.0,52.15
27297.0,57.22
31900.0,62.29
34594.0,66.6
35333.0,66.88
35680.0,68.23
35373.0,67.24
34888.0,66.5
34544.0,65.24
33334.0,64.86
32628.0,64.16
32298.0,64.69
32336.0,63.47
33783.0,69.37
35680.0,70.48
36300.0,71.35
35400.0,69.31
32827.0,67.01
29671.0,67.2
27843.0,64.92
25915.0,62.99
24596.0,61.33
24206.0,56.86
23995.0,53.26
24626.0,54.88
27356.0,59.99
31959.0,61.8
34695.0,65.22
35484.0,65.11
35535.0,65.09
35229.0,64.07
34775.0,62.66
34441.0,61.25
33438.0,59.38
32919.0,56.73
32634.0,55.68
32753.0,58.21
34336.0,65.52
36162.0,67.69
36619.0,68.22
35742.0,66.01
33028.0,65.13
30018.0,63.15
27889.0,62.61
25937.0,59.49
24745.0,51.62
24314.0,50.01
24066.0,49.51
24696.0,49.7
27387.0,58.82
31834.0,59.37
34538.0,64.11
35436.0,64.63
35837.0,65.66
35781.0,65.12
35807.0,64.23
35885.0,62.55
34811.0,62.03
34360.0,57.96
34296.0,55.15
34662.0,56.07
35185.0,64.35
36188.0,66.34
36768.0,66.31
35860.0,61.39
33225.0,55.45
30040.0,50.58
27886.0,48.6
26300.0,45.02
25145.0,42.07
24676.0,39.18
24621.0,38.38
25274.0,40.34
27795.0,46.52
32432.0,55.95
35270.0,63.22
36539.0,63.84
37205.0,64.7
37248.0,61.12
36934.0,57.8
36801.0,55.45
35483.0,55.7
34702.0,55.16
34314.0,54.78
34257.0,57.54
35191.0,63.54
36840.0,66.47
36937.0,66.48
35986.0,65.43
33712.0,63.51
31047.0,60.94
29049.0,55.23
26780.0,44.44
25224.0,42.8
24438.0,43.31
24110.0,42.74
24087.0,42.69
24624.0,43.04
26112.0,44.84
27842.0,49.9
30589.0,56.51
32670.0,60.44
32825.0,58.84
32130.0,54.28
31978.0,56.28
31268.0,53.12
30113.0,51.1
29210.0,51.18
29211.0,51.64
30634.0,63.2
32398.0,66.49
32858.0,66.85
32772.0,66.91
31486.0,65.13
29341.0,64.43
27071.0,61.13
24950.0,56.89
23540.0,47.48
22679.0,45.29
22300.0,44.99
22253.0,44.97
22544.0,45.25
23096.0,45.68
23962.0,46.19
26273.0,48.55
28506.0,55.95
29497.0,57.08
29256.0,57.13
29543.0,58.27
29348.0,56.23
28075.0,50.12
27316.0,48.27
27142.0,49.84
28823.0,60.65
31214.0,65.26
32469.0,66.81
32566.0,67.8
31469.0,65.81
28919.0,62.94
26206.0,60.46
24375.0,50.67
23280.0,49.71
22779.0,49.6
22754.0,50.27
23580.0,52.28
26724.0,61.44
31846.0,62.29
34867.0,64.26
36074.0,64.45
36608.0,65.83
36343.0,64.96
35695.0,63.28
35410.0,61.06
34234.0,60.38
33621.0,60.34
33162.0,59.78
33124.0,59.88
34341.0,66.16
36418.0,67.47
36927.0,67.31
36070.0,66.3
33254.0,60.61
30058.0,60.0
27859.0,51.91
25912.0,47.92
24764.0,45.2
24258.0,44.93
24351.0,44.84
24989.0,47.53
27743.0,51.64
32714.0,58.38
35340.0,62.36
36269.0,63.94
36619.0,65.88
36405.0,65.53
35700.0,65.51
35505.0,63.94
34430.0,63.81
33799.0,63.41
33430.0,61.78
33438.0,63.56
34663.0,66.82
36846.0,67.82
37348.0,67.8
36600.0,66.19
33758.0,63.48
30372.0,60.74
28039.0,62.05
26165.0,59.01
25092.0,54.32
24628.0,52.24
24572.0,52.45
25172.0,54.68
27748.0,58.97
32539.0,60.54
35253.0,63.97
36222.0,63.95
36557.0,65.48
36141.0,65.01
35620.0,64.99
35213.0,64.33
34052.0,63.75
33372.0,63.71
33102.0,63.43
33198.0,62.81
34434.0,67.01
36538.0,68.13
37134.0,68.62
36390.0,67.28
33770.0,64.67
30380.0,64.16
22657.0,63.7
20818.0,61.38
19741.0,58.8
19276.0,54.87
19192.0,51.21
20003.0,50.19
22852.0,57.62
26479.0,63.19
29437.0,66.45
31639.0,66.23
33137.0,67.5
33404.0,66.48
33171.0,64.64
33170.0,61.24
32227.0,53.43
31370.0,51.75
31148.0,51.51
31503.0,53.65
33192.0,62.52
33671.0,66.89
33817.0,67.96
33507.0,66.4
31412.0,61.78
28731.0,58.72
28904.0,49.69
26773.0,46.44
25649.0,44.8
25283.0,43.69
25106.0,43.56
25789.0,44.57
28342.0,48.2
33292.0,58.01
35998.0,64.08
37478.0,64.34
38178.0,65.51
38010.0,62.0
37777.0,62.12
37441.0,58.57
36008.0,52.25
35299.0,51.01
34953.0,51.96
34723.0,58.31
35511.0,66.35
37468.0,68.6
37644.0,68.99
36901.0,67.19
34549.0,65.59
31734.0,64.98
28838.0,62.54
26702.0,58.68
25497.0,49.56
25071.0,48.12
24925.0,47.68
25580.0,47.98
28170.0,48.11
32461.0,49.57
35469.0,50.03
36918.0,55.29
37327.0,60.06
37366.0,56.35
37457.0,52.35
37451.0,52.41
35909.0,50.21
35226.0,49.4
34984.0,49.03
34771.0,54.13
34690.0,57.6
36276.0,64.39
37210.0,65.17
36187.0,64.92
33867.0,60.75
31129.0,56.89
23776.0,54.91
22139.0,50.11
21015.0,48.77
20530.0,48.05
20313.0,47.82
20759.0,49.24
22299.0,49.15
24939.0,49.18
26694.0,50.17
28676.0,57.23
29668.0,62.6
29685.0,62.38
29441.0,61.87
29175.0,63.13
28474.0,63.56
27442.0,59.86
26856.0,57.93
26480.0,59.43
26370.0,64.23
26924.0,65.77
29181.0,67.72
31399.0,68.19
29327.0,65.12
27053.0,63.28
22908.0,62.25
21328.0,54.21
20458.0,49.05
20100.0,48.66
20075.0,48.56
20716.0,48.44
23388.0,54.32
26206.0,63.0
28725.0,66.75
30227.0,68.05
30891.0,68.9
31176.0,68.12
31388.0,66.96
31266.0,65.44
30579.0,63.87
30088.0,60.03
29651.0,60.0
29327.0,63.72
28981.0,67.97
29128.0,69.66
30195.0,70.25
32089.0,68.27
30344.0,65.13
27598.0,56.02
25242.0,50.74
23866.0,50.18
22648.0,47.57
22120.0,46.48
21702.0,46.39
21532.0,47.13
21512.0,49.85
22082.0,61.22
23996.0,68.85
26127.0,68.55
27455.0,68.04
27877.0,67.22
28041.0,63.76
28125.0,61.26
27441.0,60.08
26046.0,59.06
25207.0,61.46
24997.0,67.63
24864.0,71.36
25003.0,71.66
25560.0,70.97
26553.0,69.78
26485.0,66.1
24838.0,57.07
25336.0,52.94
23870.0,49.44
23016.0,47.73
22595.0,46.94
22532.0,46.23
23045.0,47.1
25101.0,51.84
27738.0,63.21
30099.0,68.66
32192.0,69.83
33370.0,69.72
34132.0,68.94
34817.0,67.75
35144.0,64.52
34492.0,60.47
33743.0,59.53
33534.0,61.93
33580.0,66.51
33016.0,74.45
32484.0,74.91
32228.0,75.44
32112.0,73.54
31625.0,69.98
29106.0,67.23
29855.0,65.66
27869.0,60.38
26446.0,54.79
25623.0,53.96
25263.0,53.64
25370.0,53.56
26977.0,60.62
28784.0,66.28
31487.0,73.16
34034.0,73.05
35784.0,74.34
37066.0,72.56
38357.0,71.8
39378.0,70.18
39244.0,68.4
38690.0,67.74
38416.0,68.62
38058.0,70.52
37367.0,82.22
36787.0,81.65
36024.0,81.57
36098.0,77.27
35392.0,75.18
33141.0,73.27
26198.0,65.43
24723.0,63.12
23571.0,57.46
22926.0,54.61
22275.0,54.43
22077.0,56.99
22384.0,62.36
22260.0,66.96
22420.0,72.97
24103.0,75.83
25760.0,76.32
27050.0,74.37
27987.0,74.58
29075.0,73.08
29527.0,70.74
29161.0,67.88
28710.0,66.48
28485.0,64.45
28395.0,67.05
28376.0,71.29
29042.0,72.08
30921.0,69.53
30065.0,64.7
28317.0,58.13
25531.0,54.03
24456.0,51.58
23566.0,49.74
23464.0,48.7
23249.0,47.8
23583.0,48.88
25652.0,49.42
28840.0,52.07
30210.0,52.8
31174.0,57.9
31500.0,64.31
31825.0,57.9
32316.0,54.8
32187.0,53.06
31504.0,52.35
31155.0,48.76
31036.0,49.03
31063.0,50.42
30615.0,62.74
30784.0,71.57
32995.0,73.28
32260.0,72.81
29308.0,66.9
26851.0,65.68
24363.0,55.89
22707.0,52.77
21601.0,49.38
21181.0,48.24
21143.0,47.44
21683.0,47.14
23478.0,47.58
25892.0,48.32
27926.0,49.25
29990.0,50.7
30970.0,53.75
31122.0,53.7
30588.0,54.3
30929.0,57.09
30266.0,54.41
29270.0,51.94
28715.0,51.65
28567.0,50.3
30282.0,55.44
31203.0,67.81
31453.0,68.94
30932.0,69.64
29148.0,67.35
26931.0,60.85
25752.0,50.04
23813.0,47.82
22421.0,47.06
21613.0,44.36
21175.0,44.06
21286.0,45.66
21761.0,52.05
22617.0,63.46
23230.0,66.98
25433.0,67.77
27257.0,69.14
27955.0,68.31
27616.0,67.81
27843.0,65.88
27731.0,65.91
26517.0,61.74
25828.0,61.19
26367.0,65.08
28877.0,69.92
29992.0,72.35
31051.0,73.14
31206.0,71.75
29752.0,68.13
27356.0,67.15
29272.0,63.71
27117.0,52.71
25771.0,48.96
25390.0,47.53
25297.0,46.32
26010.0,46.38
28800.0,49.98
33697.0,61.43
36426.0,67.19
37956.0,67.21
38584.0,67.17
38385.0,60.63
37886.0,57.68
37923.0,56.09
36635.0,52.12
36219.0,51.11
35895.0,52.54
35780.0,56.9
36232.0,63.7
38647.0,69.45
39254.0,70.4
38485.0,68.55
35648.0,64.42
32000.0,54.27
29636.0,47.04
27393.0,44.86
26002.0,43.5
25436.0,39.77
25442.0,40.17
26099.0,41.45
28845.0,49.58
33650.0,55.0
36210.0,64.97
37618.0,63.9
38189.0,64.31
38034.0,58.55
37509.0,56.4
37292.0,54.01
36014.0,52.63
35576.0,51.68
35432.0,52.84
35160.0,52.85
35399.0,61.22
37760.0,68.99
38357.0,70.14
37373.0,69.09
34606.0,64.07
31563.0,52.22
29161.0,46.92
27002.0,46.43
25646.0,44.21
25149.0,43.7
25050.0,44.22
25697.0,45.88
28405.0,49.32
32738.0,58.27
35199.0,64.33
36405.0,65.75
36622.0,67.2
36383.0,67.08
36003.0,66.44
35788.0,65.98
34741.0,65.74
33928.0,66.25
33620.0,66.6
33601.0,67.05
33930.0,70.13
36501.0,72.35
37233.0,73.33
36665.0,72.19
34100.0,67.84
30946.0,66.08
28712.0,64.33
26718.0,63.28
25420.0,60.7
24972.0,56.38
24857.0,54.94
25381.0,58.47
28021.0,63.63
32454.0,64.66
34628.0,67.8
35954.0,67.73
36281.0,68.98
35963.0,68.37
35542.0,68.08
35097.0,66.65
33844.0,66.46
33010.0,65.29
32610.0,66.2
32352.0,66.29
32543.0,69.45
34964.0,71.32
35471.0,71.12
34838.0,69.91
32682.0,68.14
30157.0,67.57
28412.0,64.96
26333.0,64.01
24751.0,61.69
23850.0,55.58
23367.0,52.26
23379.0,49.74
24102.0,48.79
25462.0,49.63
26902.0,50.77
29775.0,55.51
31497.0,63.56
31786.0,55.21
31160.0,52.32
31006.0,52.79
30319.0,50.85
29125.0,49.68
28266.0,48.71
28076.0,50.51
28668.0,56.41
31279.0,63.03
32159.0,65.87
31943.0,65.53
30520.0,60.1
28597.0,59.57
26538.0,59.73
24584.0,52.44
23116.0,49.53
22376.0,48.34
22026.0,47.62
21898.0,49.39
22431.0,49.14
23133.0,50.25
23682.0,51.51
25984.0,52.86
27852.0,56.75
28615.0,60.53
28365.0,57.46
28344.0,61.34
28246.0,57.89
27033.0,53.59
26286.0,51.55
26171.0,53.36
27288.0,62.6
30403.0,66.64
32015.0,67.37
32084.0,67.8
30826.0,66.44
28357.0,64.96
25814.0,62.67
24306.0,53.65
23194.0,49.95
22922.0,49.81
22926.0,49.44
23751.0,50.04
26867.0,57.09
31786.0,63.86
34317.0,67.08
35631.0,67.37
36098.0,68.49
36030.0,67.98
35707.0,67.8
35386.0,66.54
34140.0,66.04
33529.0,65.32
33186.0,63.22
33097.0,66.04
33550.0,71.47
36076.0,70.97
36934.0,69.12
36227.0,67.51
33372.0,63.03
30141.0,58.29
28108.0,55.24
26252.0,51.13
25118.0,46.61
24781.0,46.85
24715.0,46.31
25359.0,46.8
27915.0,51.61
32476.0,63.63
34670.0,68.24
35705.0,68.2
35638.0,67.84
35485.0,63.85
35155.0,61.51
34889.0,58.57
33760.0,57.7
33176.0,56.97
32872.0,57.19
32723.0,60.44
32948.0,69.07
35589.0,68.89
36734.0,69.22
35736.0,65.52
33051.0,57.23
29861.0,52.72
28090.0,46.72
25994.0,43.31
24992.0,42.67
24670.0,41.93
24458.0,41.08
25100.0,43.68
27919.0,50.99
32346.0,63.25
34553.0,66.82
35627.0,66.81
35857.0,63.52
35582.0,57.68
35288.0,55.82
34844.0,52.98
33845.0,51.62
33454.0,52.15
33156.0,54.18
33282.0,61.72
33491.0,67.51
36209.0,69.16
37211.0,69.12
36625.0,67.56
33820.0,61.76
30538.0,55.62
28533.0,50.7
26612.0,48.15
25392.0,46.92
24955.0,47.01
24877.0,46.94
25445.0,47.29
28205.0,54.23
32829.0,62.98
35460.0,66.82
36829.0,66.03
36753.0,66.17
36272.0,66.22
35880.0,64.2
35809.0,60.59
34631.0,56.8
34032.0,54.57
33612.0,56.7
33496.0,63.28
33907.0,68.94
36699.0,70.5
37902.0,69.85
37215.0,68.76
34627.0,65.32
31242.0,63.49
28931.0,54.45
26921.0,51.79
25787.0,50.16
25264.0,48.9
25122.0,48.92
25853.0,49.98
28573.0,56.59
33286.0,64.89
35928.0,68.93
37501.0,68.02
37710.0,68.42
37405.0,68.65
36855.0,68.77
36482.0,67.63
35130.0,67.34
34263.0,67.2
33920.0,67.17
33565.0,66.96
33585.0,69.04
36206.0,73.13
36996.0,72.81
36458.0,70.59
34013.0,67.93
31344.0,67.9
29231.0,65.55
27063.0,64.08
25562.0,61.86
24869.0,59.14
24426.0,57.88
24397.0,57.64
25104.0,58.86
26578.0,61.57
28282.0,59.03
31233.0,64.25
33068.0,65.19
33079.0,65.82
32374.0,65.9
32168.0,65.75
31077.0,65.81
29798.0,64.71
28911.0,63.63
28615.0,63.59
29088.0,66.63
31881.0,67.73
33176.0,68.31
33128.0,68.02
31818.0,66.65
29753.0,66.83
27315.0,66.58
25198.0,65.03
23651.0,63.53
22826.0,59.64
22447.0,58.69
22536.0,56.95
23000.0,55.7
23559.0,59.42
24364.0,58.89
26884.0,65.12
28849.0,65.37
29366.0,65.52
28805.0,65.83
28894.0,66.08
28578.0,65.66
27322.0,63.03
26445.0,57.32
26076.0,57.37
26888.0,65.65
30244.0,68.55
32562.0,68.46
32964.0,68.39
31798.0,66.33
29069.0,60.33
26223.0,56.06
24389.0,52.77
23330.0,52.16
23035.0,50.36
23157.0,49.68
24053.0,51.41
27439.0,58.76
32186.0,66.65
35361.0,70.61
36921.0,71.5
37210.0,71.91
36805.0,71.03
36122.0,70.21
35974.0,68.32
34926.0,68.0
34416.0,67.33
34258.0,66.13
34296.0,68.36
34774.0,72.8
37314.0,75.97
38224.0,80.38
37328.0,72.21
34392.0,69.5
31061.0,68.0
28741.0,62.42
26817.0,58.73
25583.0,54.34
25177.0,53.92
25087.0,53.77
25705.0,54.27
28560.0,59.78
33225.0,69.08
35892.0,72.35
37962.0,76.84
38771.0,79.07
39029.0,78.82
38582.0,79.57
38642.0,77.1
37503.0,77.27
36479.0,72.61
36196.0,76.29
36143.0,74.1
36149.0,75.14
38481.0,82.93
39280.0,84.55
38156.0,80.95
35126.0,73.51
31760.0,69.9
29210.0,65.97
27002.0,64.33
25929.0,56.39
25500.0,54.02
25296.0,52.49
25951.0,52.58
28453.0,54.24
32208.0,65.04
34610.0,68.95
36318.0,69.19
37556.0,70.03
38030.0,70.27
38082.0,71.06
38023.0,70.42
36696.0,70.38
36229.0,69.51
35487.0,68.38
35728.0,65.18
35834.0,68.18
37372.0,71.34
38127.0,72.87
37156.0,70.7
34463.0,67.17
31216.0,56.97
26574.0,55.14
24559.0,50.8
23152.0,48.93
22562.0,49.02
22406.0,48.39
22999.0,49.71
25085.0,49.99
28376.0,62.74
30875.0,69.34
32775.0,72.06
33782.0,71.86
33868.0,68.54
33554.0,65.97
33675.0,63.87
32631.0,60.34
31637.0,56.61
31192.0,52.26
31399.0,52.89
33081.0,54.43
33666.0,62.85
33891.0,65.36
33464.0,64.82
31595.0,59.36
28971.0,52.03
29666.0,43.09
27488.0,42.16
25851.0,41.25
25034.0,41.57
24644.0,44.36
24547.0,47.9
25066.0,54.47
26648.0,61.7
28352.0,69.53
31305.0,72.72
33433.0,72.4
33615.0,71.79
33010.0,70.81
32811.0,68.94
31993.0,64.8
30823.0,62.18
29935.0,57.85
29752.0,54.86
31139.0,55.3
33428.0,58.27
34003.0,61.14
33881.0,61.29
32489.0,54.11
30329.0,48.0
28772.0,49.61
26625.0,47.99
25016.0,44.63
24154.0,43.67
23650.0,43.56
23600.0,43.13
24172.0,45.13
25202.0,46.0
26871.0,48.2
29877.0,53.69
31562.0,54.19
31914.0,52.35
31457.0,50.58
31370.0,49.67
30607.0,48.8
29396.0,47.28
28641.0,49.04
28387.0,52.4
29020.0,59.46
31173.0,71.11
31974.0,64.79
31931.0,65.97
30599.0,59.25
28416.0,57.77
25014.0,56.62
23267.0,52.6
22326.0,48.65
21837.0,46.2
21750.0,45.76
22404.0,46.07
25317.0,46.6
29468.0,46.75
31905.0,48.23
33368.0,52.28
33875.0,54.8
33885.0,55.38
33869.0,57.19
33379.0,55.56
31955.0,52.78
31156.0,46.59
30719.0,45.65
30485.0,46.7
29986.0,52.85
30181.0,60.24
32324.0,59.33
33901.0,53.88
31065.0,52.37
28608.0,48.25
25739.0,46.64
24222.0,45.0
23355.0,43.68
23031.0,42.0
22827.0,40.64
23337.0,46.75
25475.0,48.11
28006.0,56.56
30534.0,66.3
31591.0,69.24
31859.0,68.57
31987.0,66.71
32112.0,63.14
32057.0,61.44
31069.0,60.48
30468.0,61.08
30184.0,61.52
29809.0,61.57
29429.0,67.62
29399.0,73.65
30189.0,72.37
31940.0,62.48
30287.0,58.94
27793.0,55.62
23128.0,46.63
21731.0,43.95
20679.0,43.02
20052.0,42.26
19659.0,42.4
19563.0,44.18
19441.0,45.77
19312.0,57.35
20432.0,67.17
22221.0,66.62
23582.0,66.28
24442.0,62.36
24742.0,60.01
25210.0,57.85
25091.0,57.02
23728.0,56.71
23051.0,57.61
22708.0,62.7
22881.0,68.38
23419.0,73.34
24246.0,68.86
25699.0,64.9
26459.0,60.16
24803.0,56.66
27801.0,47.82
26265.0,45.5
25182.0,43.67
24668.0,43.58
24529.0,42.98
24858.0,45.46
26475.0,51.86
28748.0,61.05
31141.0,68.63
33302.0,67.07
34577.0,63.52
35453.0,63.29
36145.0,58.61
36391.0,58.39
35749.0,58.67
34848.0,58.01
34655.0,57.94
34771.0,61.6
34205.0,71.43
33657.0,74.89
33120.0,75.32
32677.0,71.23
32141.0,60.8
29865.0,55.17
30928.0,47.54
28761.0,46.91
27401.0,45.19
26503.0,45.9
26106.0,46.56
26232.0,48.19
27752.0,53.25
29656.0,57.95
32111.0,62.22
34658.0,64.29
36411.0,60.27
38021.0,59.8
39278.0,58.52
39756.0,57.51
39431.0,56.16
38655.0,52.27
38443.0,52.05
38189.0,52.33
37485.0,57.91
36811.0,66.65
35758.0,67.48
35239.0,62.96
34486.0,59.12
32596.0,52.69
26513.0,51.61
24941.0,44.63
23823.0,44.18
23363.0,41.93
23235.0,38.96
23714.0,41.06
26108.0,46.84
28917.0,52.55
30992.0,57.56
33248.0,57.48
34598.0,56.22
35030.0,55.59
36098.0,56.42
36967.0,53.12
36428.0,50.28
35780.0,50.48
35669.0,53.09
35335.0,55.64
34602.0,56.76
33706.0,61.39
33499.0,58.75
34196.0,54.01
31595.0,50.05
29176.0,47.29
25599.0,40.71
24398.0,39.59
23555.0,34.12
23235.0,33.62
23161.0,32.16
23515.0,32.91
25682.0,33.57
29175.0,33.83
30445.0,39.64
31420.0,43.87
31703.0,45.23
32349.0,44.82
32793.0,44.15
32822.0,42.85
32022.0,41.37
31488.0,39.1
31450.0,37.01
31435.0,37.59
30933.0,41.09
31139.0,47.3
33243.0,48.57
32193.0,44.8
29159.0,43.24
26886.0,37.69
25166.0,16.97
23528.0,16.61
22420.0,13.57
21848.0,13.44
21736.0,12.56
21798.0,12.36
22501.0,11.69
23400.0,11.88
24803.0,14.74
27177.0,15.93
28699.0,16.56
28648.0,15.23
28362.0,14.51
28392.0,15.82
27816.0,13.52
26649.0,13.99
25973.0,13.5
25956.0,13.89
27875.0,13.96
29147.0,18.72
29778.0,28.38
29407.0,28.95
28030.0,27.15
26138.0,16.73
24940.0,33.19
23349.0,19.16
22479.0,14.89
22015.0,14.28
22001.0,15.17
22857.0,19.39
25874.0,34.27
30380.0,50.99
33065.0,56.26
34102.0,55.43
34414.0,53.31
34430.0,52.09
33945.0,52.9
34172.0,49.45
33283.0,47.08
32781.0,46.66
32560.0,47.69
33163.0,50.92
34939.0,59.52
35173.0,74.5
35440.0,80.62
34759.0,77.92
31999.0,63.53
28887.0,57.76
27339.0,52.89
25509.0,46.57
24453.0,42.09
24118.0,40.34
24108.0,40.4
24804.0,41.71
27480.0,48.59
31201.0,57.09
33821.0,64.1
35054.0,66.06
35364.0,66.29
35531.0,62.69
35343.0,60.76
34865.0,58.76
33686.0,56.81
32796.0,53.47
32356.0,55.57
32183.0,58.54
32079.0,66.12
34254.0,78.84
35898.0,78.3
34956.0,70.08
32521.0,60.07
29537.0,53.76
27368.0,49.61
25480.0,47.8
24409.0,43.92
23991.0,42.9
23945.0,42.67
24679.0,44.55
27668.0,46.47
31191.0,58.48
33771.0,61.66
35066.0,61.33
35567.0,59.58
35680.0,58.54
35676.0,54.45
35427.0,49.23
34230.0,45.74
33636.0,40.51
33116.0,34.76
32985.0,32.82
33166.0,29.42
35044.0,50.95
36230.0,59.73
35065.0,50.89
32328.0,45.94
29528.0,30.59
27513.0,32.54
25726.0,20.14
24749.0,14.66
24393.0,13.54
24440.0,13.77
24925.0,17.37
27541.0,36.61
31037.0,44.88
33587.0,53.24
35099.0,54.28
35621.0,54.24
35642.0,53.77
35208.0,52.07
34868.0,49.05
33476.0,44.15
32683.0,42.05
32194.0,41.79
32104.0,45.72
32064.0,57.34
34083.0,66.3
35725.0,64.86
34821.0,57.4
32382.0,49.17
29346.0,42.73
27423.0,53.24
25497.0,45.47
24241.0,41.69
23796.0,39.09
23848.0,38.55
24458.0,43.79
27296.0,52.36
30934.0,57.24
33518.0,63.78
34691.0,64.7
34920.0,61.54
34837.0,61.07
34651.0,60.3
34338.0,58.3
33245.0,54.86
32434.0,52.35
31990.0,50.32
31696.0,51.53
31598.0,55.33
33465.0,63.52
34866.0,62.27
34068.0,62.06
31909.0,58.1
29497.0,53.09
27572.0,50.05
25634.0,44.97
24440.0,42.59
23750.0,43.62
23277.0,44.44
23353.0,45.6
24037.0,45.0
24808.0,45.32
26723.0,48.28
29594.0,55.35
31249.0,56.09
31699.0,56.37
31175.0,57.24
31393.0,56.4
30682.0,53.31
29529.0,50.09
28725.0,48.35
28650.0,49.6
29025.0,54.21
30539.0,63.57
31888.0,73.69
31615.0,67.93
30256.0,64.33
28147.0,59.28
25968.0,55.41
24055.0,53.16
22580.0,49.2
21802.0,48.17
21427.0,46.76
21512.0,47.25
22029.0,46.73
22134.0,45.66
23412.0,48.2
25873.0,46.77
27680.0,46.58
28490.0,46.62
28326.0,46.13
28580.0,45.39
28164.0,45.04
26947.0,41.33
26038.0,29.18
25660.0,36.4
26016.0,47.22
28432.0,53.73
31049.0,58.17
31326.0,58.79
30251.0,55.67
27994.0,52.83
25534.0,52.01
23947.0,49.5
22964.0,47.45
22525.0,45.76
22565.0,45.42
23382.0,48.52
26119.0,49.12
29534.0,61.13
32424.0,70.5
34137.0,67.62
35071.0,60.05
35525.0,57.97
35444.0,54.38
35394.0,53.12
34266.0,52.01
33388.0,50.22
33167.0,48.5
33058.0,49.42
33193.0,51.87
34932.0,56.84
36596.0,62.65
35612.0,59.04
33194.0,52.44
30204.0,48.61
27949.0,41.89
26130.0,41.52
25035.0,39.44
24598.0,39.03
24502.0,37.69
25157.0,40.68
28064.0,43.17
32055.0,43.04
35538.0,51.81
37161.0,51.6
37708.0,48.14
37743.0,44.82
37526.0,44.98
37199.0,44.79
36287.0,43.97
35573.0,45.0
35040.0,45.62
34700.0,45.32
34535.0,48.36
36659.0,57.73
38575.0,65.46
37753.0,59.76
34913.0,55.32
31511.0,47.47
28890.0,46.12
26844.0,45.74
25710.0,40.56
25196.0,40.68
25090.0,40.86
25876.0,41.41
28566.0,46.79
32349.0,52.55
35609.0,57.23
37055.0,57.14
37564.0,56.46
37386.0,55.31
36817.0,55.26
36399.0,55.15
35144.0,53.62
34453.0,53.37
34098.0,52.31
33758.0,53.55
33624.0,56.77
35764.0,65.8
38134.0,74.65
37260.0,66.03
34730.0,61.13
31220.0,56.63
28707.0,57.7
26709.0,57.29
25555.0,56.78
25126.0,53.98
25028.0,52.64
25827.0,54.87
28519.0,57.24
32299.0,61.23
35376.0,70.84
36661.0,67.16
36992.0,66.49
36742.0,66.59
36000.0,64.35
35613.0,63.6
34452.0,59.93
33778.0,58.93
33175.0,57.89
32912.0,57.42
32618.0,60.29
34913.0,71.25
37292.0,76.54
36570.0,70.23
34164.0,60.1
30962.0,54.65
28417.0,48.9
26379.0,48.41
25220.0,47.36
24757.0,46.5
24686.0,46.58
25387.0,48.85
28008.0,51.64
31580.0,56.92
34593.0,64.39
36151.0,65.0
36745.0,65.17
36700.0,62.46
36483.0,58.72
35967.0,56.95
34940.0,56.36
34167.0,51.2
33791.0,49.77
33697.0,50.11
33596.0,49.95
35234.0,53.32
36536.0,59.65
35705.0,58.62
33491.0,51.89
30700.0,43.22
28503.0,37.4
26630.0,31.64
25077.0,27.89
24509.0,20.6
24148.0,20.5
24066.0,19.77
24519.0,20.29
25312.0,21.57
27582.0,24.51
30492.0,29.72
32442.0,29.06
32948.0,28.25
32293.0,28.77
32633.0,28.77
31807.0,29.37
30255.0,24.98
29452.0,24.07
29094.0,28.31
29385.0,32.57
31101.0,42.7
32889.0,56.64
32811.0,56.63
31247.0,51.86
29095.0,42.98
26756.0,53.54
24663.0,52.09
23335.0,44.7
22487.0,44.03
22239.0,43.62
22551.0,44.16
23166.0,45.99
23387.0,50.33
25115.0,52.36
27329.0,53.7
28759.0,53.32
29068.0,52.61
29174.0,49.87
29024.0,46.17
27845.0,42.97
26729.0,44.14
26162.0,45.52
26169.0,50.15
27041.0,53.57
29570.0,60.83
32004.0,61.09
31155.0,60.02
29462.0,55.28
27057.0,52.44
25008.0,47.28
23699.0,47.15
23061.0,45.94
23000.0,45.88
23725.0,49.01
26461.0,58.75
30486.0,66.4
33040.0,66.4
35163.0,66.5
35976.0,62.89
36057.0,62.4
35700.0,61.6
34848.0,61.15
33774.0,57.43
32877.0,52.96
32164.0,51.93
31672.0,52.96
31157.0,58.47
31450.0,62.37
33302.0,72.38
34953.0,71.95
32642.0,62.07
30211.0,56.48
28128.0,48.52
26090.0,45.59
24729.0,44.72
24150.0,44.74
23870.0,44.85
24313.0,46.17
26760.0,53.63
30638.0,60.93
32815.0,65.27
34633.0,64.93
35144.0,63.49
35080.0,61.01
34433.0,57.08
33866.0,55.24
32902.0,51.94
32021.0,49.53
31327.0,48.07
30849.0,48.5
30177.0,49.52
30108.0,56.45
31846.0,60.33
33855.0,62.18
31639.0,58.51
29519.0,52.03
27601.0,47.64
25747.0,42.1
24390.0,40.19
23720.0,38.95
23412.0,39.54
23907.0,41.0
26157.0,47.3
29604.0,55.84
31589.0,64.23
33228.0,63.56
33416.0,59.81
33276.0,57.51
32829.0,56.4
32411.0,56.52
31440.0,53.34
30481.0,50.83
29914.0,49.37
29532.0,47.91
28863.0,47.53
28924.0,54.62
30319.0,56.07
31869.0,56.73
29841.0,53.07
27995.0,45.97
26196.0,41.58
24288.0,38.83
22967.0,34.85
22360.0,34.84
21853.0,34.84
21860.0,35.0
22850.0,36.69
24328.0,42.43
25075.0,49.47
27092.0,50.19
28390.0,46.72
28858.0,45.9
28631.0,42.07
28399.0,40.63
27819.0,35.81
26713.0,31.25
25978.0,25.03
25627.0,21.97
25423.0,23.87
25890.0,24.56
27463.0,36.45
29258.0,38.66
27871.0,36.34
26697.0,33.03
25167.0,17.59
23444.0,16.46
22035.0,13.59
21217.0,13.1
20719.0,12.15
20533.0,12.49
21115.0,13.79
21886.0,12.9
22098.0,14.61
23876.0,16.71
25498.0,15.67
26381.0,16.02
26442.0,17.16
26425.0,17.5
26005.0,16.18
24864.0,12.71
24102.0,13.92
23836.0,13.7
23973.0,14.22
24509.0,17.02
26443.0,16.79
28515.0,19.59
27663.0,17.66
26453.0,15.96
24804.0,13.63
23053.0,10.66
21716.0,11.57
20881.0,14.0
20454.0,11.04
20552.0,11.98
21509.0,12.55
22532.0,12.28
23488.0,15.85
25867.0,18.51
27805.0,20.23
28304.0,18.72
28117.0,17.93
28026.0,19.51
27577.0,20.65
26453.0,15.16
25642.0,15.46
25131.0,19.05
25043.0,24.27
25340.0,38.38
26937.0,52.4
29343.0,52.78
28144.0,54.58
26883.0,48.37
26994.0,47.79
24930.0,40.97
23610.0,38.07
23186.0,35.23
23017.0,32.84
23476.0,34.01
25617.0,34.03
28858.0,34.98
31007.0,34.73
32604.0,36.65
33418.0,36.8
33559.0,36.88
33349.0,35.75
33324.0,32.2
32391.0,29.97
31693.0,25.67
31326.0,24.77
31413.0,31.91
32976.0,33.39
33437.0,35.58
33461.0,38.23
33056.0,45.79
31102.0,47.09
28626.0,40.22
27683.0,39.75
25516.0,34.76
23811.0,28.51
22994.0,28.09
22557.0,30.26
22508.0,31.0
22851.0,36.42
23707.0,36.85
24458.0,41.41
26870.0,41.8
29424.0,41.73
30752.0,42.22
31342.0,42.89
32162.0,40.94
31947.0,36.3
30381.0,31.65
29620.0,32.51
29337.0,34.19
30827.0,35.62
33153.0,41.27
34452.0,47.42
34424.0,50.59
33064.0,48.08
30116.0,43.05
26300.0,34.64
24320.0,31.93
22851.0,23.88
21969.0,18.82
21632.0,17.89
21679.0,27.49
22117.0,36.29
22575.0,45.66
23323.0,49.97
25573.0,50.39
27452.0,49.95
28437.0,48.71
28266.0,45.44
28502.0,43.8
28203.0,41.75
26941.0,37.99
26205.0,35.52
25965.0,35.39
26870.0,35.95
29817.0,36.9
31427.0,45.79
31642.0,50.88
30682.0,48.16
28129.0,40.95
26666.0,34.49
25046.0,32.94
23961.0,27.81
23543.0,22.51
23462.0,19.86
23951.0,27.07
26293.0,36.02
29950.0,40.44
32141.0,45.48
33407.0,45.62
33873.0,44.43
33899.0,41.02
33891.0,40.12
33423.0,40.23
32274.0,37.74
31605.0,37.09
31241.0,36.87
30954.0,37.14
30306.0,40.55
30457.0,47.73
31999.0,53.4
33665.0,58.55
31105.0,53.19
28661.0,52.49
26060.0,54.51
24423.0,53.94
23354.0,52.85
23015.0,52.78
22843.0,52.91
23301.0,53.75
25547.0,52.39
28410.0,54.24
30639.0,64.25
31795.0,64.66
32204.0,62.44
32376.0,59.54
32543.0,54.62
32306.0,55.29
31342.0,54.27
30622.0,51.76
30101.0,51.54
29637.0,50.03
29079.0,51.34
28990.0,55.98
29535.0,59.05
30953.0,58.33
29806.0,53.53
27608.0,53.2
23051.0,44.56
21684.0,37.35
20911.0,35.99
20707.0,35.31
20636.0,35.8
21208.0,38.86
23360.0,49.25
26156.0,52.52
28702.0,56.6
29999.0,55.36
30828.0,52.16
31321.0,51.56
31800.0,49.42
31828.0,44.37
30904.0,41.0
30261.0,37.21
30029.0,37.26
29994.0,40.08
29439.0,46.6
29370.0,49.77
29689.0,53.26
30319.0,53.77
29136.0,49.96
26670.0,49.1
28297.0,49.27
26571.0,43.87
25371.0,41.8
24916.0,39.32
24489.0,39.62
24823.0,39.61
26410.0,41.05
28522.0,42.17
30936.0,42.72
33023.0,48.51
34175.0,52.53
34992.0,54.95
35600.0,54.02
35881.0,52.82
35136.0,52.89
34467.0,48.94
34293.0,45.62
34197.0,44.48
33663.0,48.72
33140.0,50.37
32467.0,56.81
32135.0,61.8
31587.0,58.26
29353.0,56.8
30696.0,52.12
28732.0,47.52
27114.0,40.65
26217.0,40.8
25487.0,40.62
24959.0,39.35
25091.0,39.63
25109.0,39.46
26487.0,41.85
28743.0,41.46
30752.0,41.25
31728.0,40.43
32676.0,40.4
33509.0,40.67
33855.0,40.53
33469.0,35.83
33002.0,32.88
32531.0,33.67
32074.0,37.26
31989.0,45.37
31780.0,48.42
32348.0,56.01
31952.0,56.22
30144.0,51.6
27893.0,50.79
26343.0,48.79
25434.0,47.42
24986.0,47.21
24603.0,47.13
25043.0,50.09
26981.0,56.55
29483.0,62.35
31166.0,69.41
33174.0,66.95
34316.0,65.79
35198.0,62.6
35959.0,61.89
36266.0,61.12
35734.0,58.5
35327.0,56.54
35197.0,54.64
34956.0,54.23
34200.0,54.37
33475.0,57.07
33734.0,60.18
34600.0,62.74
31976.0,58.85
29493.0,53.22
25650.0,45.37
24387.0,41.38
23530.0,35.29
23297.0,34.52
23118.0,35.61
23400.0,39.78
25558.0,47.99
29116.0,51.44
30466.0,60.14
31469.0,62.41
31968.0,59.56
32428.0,59.66
32963.0,57.27
32971.0,57.66
32164.0,57.63
31698.0,56.82
31689.0,56.44
31731.0,56.49
31236.0,56.04
31177.0,56.94
33108.0,64.21
32111.0,68.87
29110.0,64.3
26888.0,58.41
24193.0,45.27
22619.0,42.12
21437.0,40.74
20786.0,38.83
20454.0,34.89
20519.0,36.43
20889.0,42.7
21251.0,48.37
21907.0,56.08
24037.0,60.18
25579.0,60.6
26280.0,58.9
26263.0,57.12
26582.0,52.65
26479.0,50.33
25331.0,46.27
24743.0,46.24
24984.0,43.88
27303.0,43.32
28886.0,49.53
29737.0,51.76
29478.0,56.1
28126.0,50.95
25852.0,49.87
26932.0,42.14
25028.0,39.0
23886.0,37.87
23396.0,37.22
23401.0,36.49
24013.0,38.85
26673.0,48.22
31314.0,54.65
33681.0,61.44
34512.0,64.79
34691.0,64.62
34182.0,64.18
33602.0,61.94
33570.0,60.47
32719.0,58.25
32274.0,55.61
32031.0,55.42
32724.0,56.62
34655.0,58.18
35109.0,61.7
35083.0,68.17
34655.0,83.0
31889.0,65.72
28785.0,60.25
27522.0,64.34
25729.0,61.3
24404.0,57.32
23893.0,56.44
23832.0,55.75
24431.0,57.44
27035.0,63.16
30841.0,64.17
33405.0,72.26
34833.0,72.59
35301.0,70.01
35531.0,70.33
35328.0,70.25
34877.0,70.54
33728.0,66.99
32828.0,65.47
32297.0,65.21
31916.0,62.95
31278.0,61.06
31106.0,64.6
32142.0,70.33
33777.0,76.98
31724.0,69.81
29713.0,66.52
27586.0,61.76
25507.0,59.14
24095.0,57.85
23249.0,57.89
22703.0,56.81
22717.0,56.26
23311.0,56.85
24157.0,56.17
25936.0,54.74
28683.0,60.13
30106.0,61.4
30339.0,61.24
30051.0,59.35
29818.0,58.73
29051.0,57.53
27733.0,50.42
26732.0,48.51
26133.0,45.74
25944.0,49.98
26262.0,51.83
27491.0,59.14
29933.0,63.3
28728.0,59.52
27087.0,55.09
25140.0,47.06
23269.0,45.56
21926.0,41.58
21255.0,41.59
20836.0,41.44
20753.0,40.25
21229.0,41.67
21444.0,42.15
22196.0,45.13
24234.0,44.06
25918.0,46.0
26765.0,47.24
26747.0,46.89
26802.0,46.18
26603.0,44.19
25336.0,43.1
24651.0,39.54
24267.0,40.55
24426.0,40.06
25295.0,43.98
27216.0,52.44
29826.0,67.41
28733.0,65.63
26780.0,57.69
24561.0,53.22
22905.0,45.08
21864.0,43.28
21464.0,42.97
21581.0,44.23
22097.0,46.77
25082.0,55.08
29079.0,61.51
31852.0,64.78
33236.0,65.11
33698.0,64.13
33840.0,60.5
33564.0,59.45
33233.0,57.85
32166.0,54.2
31645.0,52.92
31079.0,51.08
30626.0,52.56
30003.0,55.09
30052.0,58.99
31276.0,64.03
33338.0,68.9
31070.0,63.73
28471.0,60.42
26383.0,51.22
24673.0,50.74
23545.0,49.39
23205.0,48.64
23059.0,48.34
23484.0,50.88
25986.0,55.11
29426.0,61.67
31766.0,64.08
32648.0,63.02
32849.0,62.64
32792.0,61.78
32740.0,60.91
32324.0,61.08
31433.0,59.2
30965.0,58.19
30500.0,57.7
30133.0,58.91
29428.0,58.83
29522.0,64.58
30658.0,69.81
32894.0,76.39
30671.0,68.32
28162.0,61.29
26275.0,60.2
24564.0,60.17
23497.0,59.04
23063.0,57.37
22984.0,55.42
23422.0,56.33
25891.0,59.51
29102.0,61.14
31131.0,63.05
32038.0,62.12
32088.0,61.63
32189.0,59.68
32377.0,58.64
31989.0,57.74
31095.0,54.71
30560.0,54.97
30190.0,54.82
29916.0,54.68
29405.0,54.55
29307.0,56.67
30326.0,62.06
32271.0,62.86
30098.0,60.81
27448.0,57.64
25619.0,53.52
23983.0,52.85
23088.0,52.62
22792.0,52.03
22678.0,51.22
23089.0,52.59
25411.0,53.07
28377.0,58.22
30329.0,58.45
31331.0,58.51
31533.0,55.26
31655.0,53.44
31789.0,53.41
31745.0,53.4
30735.0,52.23
30351.0,51.0
30048.0,49.08
29657.0,49.23
29055.0,50.92
29193.0,58.15
30229.0,58.71
31956.0,60.72
29614.0,54.66
27129.0,51.95
25501.0,43.03
24049.0,43.08
22958.0,42.26
22549.0,42.02
22524.0,42.62
22947.0,42.78
25292.0,48.79
28473.0,52.99
30344.0,57.75
31243.0,57.02
31738.0,52.13
31805.0,50.07
31985.0,48.7
31789.0,46.46
30709.0,43.99
29909.0,42.57
29427.0,41.2
29126.0,43.79
28625.0,46.84
28530.0,49.24
29259.0,52.8
30939.0,53.98
28892.0,51.62
26821.0,48.76
25248.0,48.71
23680.0,47.63
22547.0,43.07
22086.0,42.8
21677.0,43.05
21536.0,42.65
21904.0,41.93
22593.0,40.57
24260.0,43.3
26665.0,42.92
28037.0,46.8
28332.0,47.95
28402.0,46.59
28482.0,47.2
27616.0,45.32
26301.0,42.19
25500.0,42.37
25104.0,42.72
24938.0,43.06
25059.0,47.99
26105.0,51.01
28294.0,54.76
27127.0,52.45
25311.0,50.68
23571.0,51.78
21979.0,49.64
20976.0,49.54
20234.0,48.76
19844.0,47.39
19706.0,48.68
20005.0,48.96
19982.0,48.91
20892.0,50.68
22912.0,50.18
24535.0,50.24
25139.0,50.06
25424.0,48.61
25589.0,46.91
25349.0,48.6
24083.0,42.91
23223.0,42.58
22956.0,41.89
23105.0,42.98
23583.0,45.37
25261.0,50.42
27790.0,59.77
26876.0,56.55
25093.0,51.5
23230.0,58.76
21959.0,56.6
21021.0,53.1
20852.0,52.92
20784.0,53.59
21427.0,53.73
23894.0,58.66
26902.0,59.13
28929.0,62.6
29917.0,62.29
30525.0,61.87
30811.0,62.4
30966.0,62.18
30917.0,61.34
30052.0,58.09
29495.0,56.82
29198.0,56.12
28913.0,54.36
28408.0,52.5
28414.0,56.71
29388.0,60.38
31027.0,63.6
29028.0,59.09
26432.0,56.71
24821.0,51.46
23415.0,50.11
22421.0,48.42
22294.0,49.21
22165.0,48.8
22721.0,50.21
24950.0,54.84
27843.0,56.81
30152.0,60.01
31016.0,61.02
31416.0,59.13
31768.0,58.49
32085.0,58.55
31885.0,57.12
31151.0,56.39
30459.0,53.9
30279.0,52.48
30051.0,53.73
29502.0,53.44
29478.0,55.37
30375.0,61.18
32068.0,63.71
29750.0,60.06
27046.0,57.52
25396.0,51.39
23966.0,48.7
22970.0,52.09
22730.0,52.16
22653.0,51.14
23068.0,50.27
25149.0,54.15
27858.0,58.2
30098.0,60.24
31274.0,60.5
31755.0,60.09
32117.0,60.79
32424.0,59.17
32298.0,59.4
31370.0,55.72
30719.0,49.69
30330.0,49.65
30166.0,48.82
29606.0,47.44
29691.0,48.19
30551.0,49.93
31779.0,55.7
29529.0,50.58
27130.0,46.83
25473.0,43.33
23963.0,42.46
23040.0,41.41
22718.0,42.1
22643.0,42.11
22961.0,42.75
25108.0,44.96
27717.0,51.33
29903.0,53.79
31186.0,56.95
31427.0,56.9
31629.0,56.92
31931.0,58.65
31844.0,59.9
30834.0,56.97
30329.0,57.53
30047.0,57.53
29787.0,57.69
29376.0,56.72
29149.0,61.67
29777.0,65.33
31423.0,67.36
29650.0,62.87
27208.0,57.98
25765.0,59.12
24124.0,57.13
23130.0,54.71
22873.0,52.41
22679.0,52.3
23110.0,52.86
25219.0,57.41
27775.0,58.83
29840.0,61.72
30991.0,61.58
31475.0,61.41
31899.0,60.65
32063.0,60.42
31748.0,59.97
30729.0,57.3
29975.0,55.94
29598.0,53.7
29358.0,51.71
28865.0,48.7
28684.0,52.35
29059.0,57.89
30450.0,60.88
28940.0,57.86
26927.0,52.47
25505.0,49.67
23912.0,45.54
22710.0,45.98
22195.0,49.92
21763.0,51.92
21609.0,52.04
21846.0,53.86
22297.0,54.03
24017.0,52.8
26391.0,54.67
27728.0,54.69
28241.0,54.23
28117.0,54.5
28177.0,53.84
27408.0,49.86
26196.0,40.88
25406.0,40.48
24930.0,39.41
24626.0,40.64
24928.0,42.64
25729.0,52.14
27842.0,56.24
26778.0,55.59
25223.0,54.57
23517.0,54.06
21900.0,46.17
20783.0,42.43
20296.0,44.41
20010.0,44.8
19893.0,44.87
20081.0,43.64
19980.0,40.39
21000.0,38.24
23115.0,42.09
24574.0,39.74
25404.0,37.41
25658.0,30.77
25858.0,22.91
25477.0,18.15
24090.0,14.61
23310.0,15.05
22916.0,18.64
22834.0,17.93
23212.0,23.68
24495.0,43.24
27114.0,51.02
26708.0,52.01
25007.0,47.35
23209.0,43.15
21702.0,38.12
20684.0,31.31
20235.0,31.52
20057.0,39.0
20504.0,42.92
22330.0,43.77
23951.0,50.97
26140.0,54.35
28161.0,54.68
28900.0,54.36
29116.0,55.77
29353.0,55.46
29558.0,55.66
28945.0,55.67
27862.0,54.01
27369.0,52.64
27001.0,52.11
26600.0,50.99
26537.0,52.09
27294.0,54.23
29377.0,56.71
27982.0,55.61
25704.0,53.79
26733.0,53.63
24878.0,45.22
23584.0,43.83
23014.0,43.27
22802.0,43.48
23141.0,45.43
24878.0,45.66
27954.0,46.35
29972.0,46.47
31666.0,50.68
32685.0,51.37
32938.0,52.29
32688.0,52.13
32605.0,52.09
31278.0,51.77
30103.0,43.44
29527.0,42.54
29577.0,40.52
30530.0,41.94
30552.0,43.15
30691.0,52.59
30420.0,56.2
28961.0,55.91
27068.0,53.63
27141.0,48.51
25150.0,42.45
23959.0,41.06
23602.0,41.09
23523.0,40.23
24433.0,41.81
27734.0,51.33
32930.0,53.71
36421.0,58.0
38380.0,58.98
39310.0,57.43
39372.0,56.58
38823.0,56.85
38987.0,56.91
37353.0,56.44
37003.0,55.38
37051.0,54.5
37064.0,52.48
37525.0,53.35
39542.0,54.31
40068.0,55.17
38954.0,57.12
35865.0,55.91
32174.0,53.29
25638.0,50.91
23896.0,44.5
22647.0,42.65
22360.0,41.74
22442.0,41.79
23273.0,42.5
26621.0,47.84
31183.0,55.69
34231.0,60.59
35881.0,59.39
36663.0,56.98
36749.0,55.68
36215.0,53.39
36104.0,53.11
34904.0,50.54
34163.0,49.88
33715.0,49.32
33660.0,46.03
33738.0,43.58
36017.0,47.0
37131.0,49.24
36192.0,53.56
33508.0,54.19
30346.0,48.6
26548.0,42.49
24772.0,40.61
23642.0,39.02
23244.0,38.36
23138.0,38.01
23626.0,39.99
26035.0,42.3
29629.0,52.68
31593.0,57.07
32835.0,55.93
33051.0,52.34
32809.0,50.32
32699.0,51.36
32407.0,52.69
31444.0,50.82
30678.0,50.88
30396.0,50.37
29929.0,50.53
29482.0,47.02
29549.0,50.59
31202.0,53.63
33185.0,56.8
30762.0,55.8
28457.0,53.51
26099.0,52.42
24450.0,47.69
23079.0,44.72
22503.0,44.57
22163.0,45.52
21933.0,45.76
22360.0,46.44
22916.0,47.01
24870.0,50.42
27051.0,52.23
28408.0,53.69
28673.0,55.37
28435.0,55.55
28397.0,56.14
27736.0,55.64
26467.0,52.66
25651.0,51.35
25166.0,52.84
24870.0,53.12
25055.0,52.56
25665.0,55.14
27547.0,57.48
27152.0,56.44
25448.0,55.14
25136.0,55.5
23802.0,54.71
22976.0,51.35
22591.0,50.65
22447.0,50.78
22823.0,52.5
24577.0,54.24
27169.0,53.28
29491.0,53.89
30776.0,57.04
31424.0,55.83
32048.0,57.03
19964.0,57.17
32090.0,58.26
31028.0,58.45
30609.0,56.83
30255.0,54.96
30232.0,54.55
29679.0,56.32
29614.0,54.96
29944.0,57.01
30402.0,60.24
29344.0,59.9
26877.0,58.13
28100.0,61.76
26396.0,61.75
25306.0,61.13
24776.0,61.81
24535.0,61.98
24883.0,61.94
26324.0,61.68
28428.0,62.73
30654.0,65.01
32757.0,65.32
33818.0,65.89
34561.0,66.3
35386.0,66.72
35699.0,66.05
35031.0,64.24
34206.0,62.95
33887.0,63.19
33815.0,63.1
33419.0,63.0
33014.0,64.68
32418.0,66.75
32073.0,67.96
31556.0,67.39
29356.0,63.82
28533.0,63.9
26831.0,63.33
25326.0,62.61
24445.0,62.76
23708.0,62.68
23309.0,62.81
23267.0,63.49
22708.0,64.11
23471.0,67.99
25219.0,67.64
26863.0,66.78
28368.0,67.13
29402.0,66.96
30512.0,65.9
31091.0,65.79
30923.0,64.3
30506.0,63.23
30135.0,62.73
29848.0,60.32
29787.0,60.75
29999.0,63.93
31250.0,66.38
32002.0,65.96
30528.0,62.48
28006.0,61.91
26591.0,61.54
25526.0,58.53
25113.0,58.23
24767.0,58.46
25049.0,59.44
26996.0,62.72
29471.0,64.05
31160.0,64.98
33056.0,65.88
34208.0,65.7
34978.0,65.43
35601.0,66.12
35998.0,65.5
35190.0,64.79
34592.0,63.91
34392.0,63.33
34133.0,62.22
33315.0,60.28
32587.0,60.4
32921.0,64.07
33752.0,65.87
31260.0,64.37
28883.0,57.91
25691.0,51.99
24482.0,49.34
23506.0,46.87
23203.0,46.36
23149.0,46.37
23387.0,46.96
25439.0,51.85
28856.0,55.53
30155.0,62.63
31058.0,63.63
31600.0,63.36
32212.0,63.69
32845.0,64.39
32841.0,64.76
31849.0,65.71
31119.0,64.74
30858.0,65.08
30713.0,65.21
30238.0,63.62
30420.0,62.86
32023.0,67.63
31121.0,69.91
28555.0,69.22
26488.0,65.77
23818.0,67.3
22249.0,66.81
21325.0,65.16
20974.0,63.64
20998.0,63.13
21781.0,62.89
24949.0,64.55
28973.0,65.04
31505.0,67.56
32937.0,67.29
33646.0,66.24
33796.0,65.63
34151.0,65.46
34259.0,64.64
33173.0,64.37
32772.0,63.3
32561.0,63.01
32847.0,62.92
34373.0,62.82
35228.0,62.94
35254.0,66.39
34100.0,67.86
31441.0,65.79
28403.0,63.78
26683.0,65.87
24939.0,65.12
23847.0,64.32
23483.0,64.28
23431.0,61.96
24136.0,60.12
26885.0,59.32
31544.0,59.93
33705.0,60.98
34430.0,59.28
34545.0,56.31
34203.0,52.4
33689.0,49.18
33474.0,45.25
32501.0,44.01
32084.0,38.22
31853.0,35.25
32368.0,33.72
33977.0,35.4
34127.0,38.97
34163.0,43.96
33340.0,46.6
31163.0,46.38
28616.0,44.38
23488.0,44.2
22142.0,43.66
21073.0,43.25
20598.0,41.89
20250.0,42.83
20047.0,43.58
19982.0,43.09
19803.0,41.96
20966.0,44.12
22760.0,45.29
24393.0,42.53
25246.0,43.11
25582.0,43.05
25815.0,43.03
25573.0,43.67
24228.0,32.61
23483.0,25.36
23114.0,25.45
23155.0,30.86
23691.0,42.34
24921.0,45.85
27145.0,61.19
27172.0,62.12
25316.0,60.93
23417.0,63.05
21946.0,59.04
21257.0,55.35
20960.0,54.27
20949.0,54.06
21595.0,55.27
23986.0,61.97
26784.0,61.88
29271.0,64.06
30627.0,62.44
31331.0,60.3
31514.0,59.72
31723.0,60.82
31628.0,61.05
30734.0,61.16
29980.0,59.58
29598.0,59.28
29422.0,59.16
28956.0,59.49
28989.0,59.41
29500.0,62.42
30870.0,63.83
29537.0,62.84
26959.0,59.23
25521.0,57.72
24105.0,54.39
23214.0,49.67
22721.0,46.79
22631.0,46.68
23053.0,49.95
24656.0,56.23
26783.0,61.73
29045.0,67.5
30278.0,65.15
30979.0,62.28
31215.0,62.53
31446.0,62.65
31419.0,61.81
30497.0,60.97
29801.0,59.1
29388.0,57.52
29264.0,57.03
28837.0,55.4
28786.0,57.4
29538.0,59.53
31181.0,62.58
30012.0,59.9
27313.0,55.6
25822.0,54.55
24383.0,48.62
23435.0,46.72
23139.0,46.39
22971.0,47.66
23365.0,49.11
25296.0,54.36
27979.0,61.71
30238.0,63.26
31067.0,63.04
31525.0,61.59
31972.0,63.17
32258.0,63.85
32285.0,64.04
31231.0,63.36
30596.0,62.78
30327.0,62.66
30121.0,62.77
29648.0,61.36
29505.0,60.98
30045.0,63.07
31200.0,64.28
29758.0,62.65
27376.0,56.52
25849.0,55.07
24522.0,53.59
23598.0,52.15
23223.0,52.36
23143.0,53.17
23638.0,55.13
25372.0,58.03
27692.0,62.62
29799.0,62.91
30912.0,63.81
31242.0,62.97
31519.0,64.23
31938.0,64.96
31958.0,65.16
30898.0,64.5
30195.0,63.01
29860.0,63.0
29652.0,62.8
29362.0,62.24
29419.0,62.3
30064.0,63.38
30945.0,64.81
29374.0,63.59
27012.0,61.53
25632.0,61.73
24162.0,58.75
23355.0,57.17
23047.0,56.66
23025.0,57.57
23351.0,59.97
25035.0,63.43
27535.0,65.2
29661.0,65.17
31011.0,65.88
31518.0,65.58
31875.0,66.24
32239.0,66.02
32118.0,66.3
31070.0,65.79
30083.0,65.04
29600.0,64.97
29422.0,64.95
28958.0,64.92
28859.0,65.26
29091.0,67.62
29898.0,68.3
28774.0,63.82
26726.0,63.79
25393.0,67.69
24071.0,66.46
23001.0,66.32
22364.0,66.35
22095.0,66.63
21908.0,67.76
21979.0,66.89
22444.0,66.83
24467.0,67.38
26715.0,66.55
28096.0,66.42
28429.0,66.71
28478.0,66.45
28482.0,66.54
27641.0,66.77
26326.0,64.77
25492.0,63.48
25174.0,63.54
24931.0,64.07
25033.0,64.83
25538.0,66.09
26949.0,67.34
26750.0,67.3
24985.0,66.92
23485.0,67.23
21971.0,67.2
21121.0,67.38
20552.0,67.31
20182.0,67.5
20128.0,67.09
20020.0,65.86
19746.0,63.84
20985.0,65.32
22910.0,67.76
24322.0,64.86
25043.0,65.44
25305.0,65.35
25656.0,65.6
25179.0,66.05
23969.0,64.7
23240.0,62.94
23059.0,61.94
23185.0,61.39
23489.0,62.97
24478.0,64.98
26422.0,68.98
26713.0,69.59
24969.0,66.78
23276.0,65.92
21968.0,66.26
21208.0,66.24
20873.0,66.13
20751.0,66.33
21362.0,66.57
23475.0,67.65
25908.0,67.17
28147.0,71.3
29517.0,71.66
30178.0,71.45
30665.0,72.12
31105.0,72.08
31095.0,72.09
30202.0,71.14
29451.0,69.78
29186.0,69.16
28999.0,68.93
28610.0,67.8
28676.0,68.79
29217.0,70.21
30403.0,72.23
28998.0,71.42
26366.0,68.67
24912.0,69.9
23581.0,69.93
22718.0,69.7
22487.0,69.19
22398.0,69.23
22795.0,69.21
24597.0,68.98
27191.0,67.5
29573.0,69.26
30786.0,69.54
31263.0,68.71
31756.0,69.16
32065.0,69.08
32066.0,70.02
31154.0,68.62
30539.0,67.65
30284.0,67.43
30133.0,67.07
29772.0,68.34
29686.0,68.76
30094.0,69.41
30849.0,71.32
29593.0,70.78
26956.0,67.04
25496.0,69.46
24091.0,69.01
23270.0,68.58
22866.0,68.56
22776.0,68.92
23171.0,69.12
25033.0,69.58
27607.0,69.32
29730.0,72.87
31082.0,72.25
31589.0,72.34
32007.0,72.87
32486.0,72.92
32588.0,73.08
31605.0,71.08
31022.0,69.85
30836.0,69.89
30710.0,69.62
30204.0,70.42
30136.0,71.0
30638.0,71.4
31194.0,73.11
29724.0,72.18
27201.0,70.39
25767.0,71.53
24350.0,71.18
23418.0,70.42
23176.0,69.89
23072.0,70.1
23409.0,69.98
25120.0,70.06
27453.0,70.47
29763.0,71.49
31006.0,71.83
31532.0,71.14
31947.0,71.66
32424.0,71.66
32413.0,71.23
31514.0,70.21
30967.0,67.95
30820.0,66.26
30711.0,66.73
30218.0,66.8
30147.0,69.19
30385.0,70.49
30859.0,71.12
29726.0,70.89
27133.0,70.56
25850.0,70.03
24444.0,69.71
23648.0,69.04
23163.0,68.71
23100.0,68.72
23497.0,69.33
25293.0,70.03
27664.0,69.38
29804.0,71.1
31117.0,71.98
31774.0,72.0
32316.0,72.04
32598.0,70.17
32412.0,71.56
31436.0,70.48
30470.0,69.19
30069.0,68.46
29782.0,67.4
29215.0,69.37
29047.0,70.12
29228.0,71.15
29777.0,73.53
28805.0,72.61
26753.0,71.04
25470.0,70.15
23962.0,69.39
22838.0,66.92
22352.0,66.91
21994.0,66.72
21766.0,66.52
21920.0,65.33
22414.0,64.11
24294.0,68.71
26458.0,69.3
27861.0,69.71
28452.0,69.8
28536.0,69.53
28555.0,69.21
27714.0,66.61
26342.0,60.59
25461.0,56.99
25063.0,56.71
24944.0,59.06
25194.0,66.41
25721.0,70.07
26596.0,72.03
26147.0,72.22
24953.0,71.67
23327.0,70.56
21861.0,69.96
20801.0,69.34
20358.0,69.34
20070.0,68.43
20014.0,66.49
19905.0,66.08
19726.0,62.81
20843.0,66.65
22693.0,68.94
24147.0,69.89
24958.0,71.04
25247.0,71.25
25622.0,71.65
25471.0,70.73
24144.0,64.72
23399.0,59.22
23082.0,60.19
23120.0,58.14
23555.0,58.84
24492.0,60.8
26279.0,70.19
26364.0,70.19
24661.0,67.31
22920.0,68.05
21709.0,65.97
20976.0,57.81
20697.0,56.88
20718.0,57.4
21249.0,57.92
23507.0,65.66
26378.0,68.7
29054.0,70.13
30488.0,71.36
31270.0,71.11
31666.0,72.53
32177.0,72.69
31995.0,72.21
30838.0,71.09
30124.0,70.12
29811.0,69.12
29722.0,68.49
29422.0,67.08
29383.0,70.09
29839.0,70.99
30476.0,72.82
29171.0,72.48
26665.0,70.21
25024.0,71.18
23745.0,70.32
22880.0,69.84
22507.0,69.96
22469.0,70.4
22878.0,70.3
24558.0,71.23
27099.0,71.18
29744.0,71.17
31100.0,71.22
31761.0,71.26
32124.0,71.91
32505.0,71.79
32266.0,72.04
31282.0,71.56
30571.0,70.02
30269.0,69.49
30095.0,68.7
29699.0,68.27
29577.0,70.73
29961.0,71.43
30553.0,71.84
29231.0,71.91
26789.0,71.16
25127.0,70.74
23679.0,70.19
22801.0,68.07
22468.0,66.49
22381.0,65.85
22766.0,67.69
24427.0,69.59
26965.0,71.08
29502.0,71.79
30613.0,72.63
31303.0,72.12
31695.0,72.84
32085.0,72.86
32074.0,72.97
31123.0,72.25
30479.0,71.25
30172.0,70.82
30016.0,69.99
29452.0,70.23
29225.0,71.27
29538.0,71.76
30094.0,72.32
29021.0,72.09
26514.0,70.64
24869.0,69.73
23408.0,61.66
22482.0,62.52
22156.0,61.96
22046.0,62.04
22483.0,64.16
24109.0,69.01
26444.0,69.53
28972.0,70.02
30297.0,69.21
30584.0,69.15
31042.0,69.8
31723.0,70.03
31635.0,70.66
30846.0,69.93
30357.0,68.54
30127.0,68.24
29885.0,67.98
29379.0,67.92
29145.0,69.6
29324.0,71.57
29902.0,73.36
29073.0,73.23
26796.0,70.55
25567.0,71.12
23700.0,70.34
22281.0,68.9
21391.0,68.73
21047.0,68.52
20991.0,67.81
21178.0,70.26
21855.0,70.77
22469.0,71.36
24253.0,71.35
26528.0,71.3
27602.0,71.08
27678.0,71.32
27281.0,70.94
26784.0,68.82
25351.0,65.56
24822.0,64.9
25178.0,64.78
27240.0,64.78
28394.0,66.51
29055.0,69.12
29432.0,70.12
28963.0,69.53
27330.0,65.9
29593.0,66.27
27382.0,65.69
25988.0,64.56
25475.0,64.57
25309.0,64.36
26022.0,63.57
28701.0,62.91
33763.0,63.58
36998.0,63.87
38534.0,68.54
39302.0,70.23
38603.0,70.96
38653.0,70.82
38121.0,71.11
36796.0,69.45
36454.0,64.41
36081.0,61.08
36449.0,60.84
37452.0,61.31
39679.0,66.55
40239.0,69.89
39397.0,71.71
36387.0,71.86
32492.0,70.91
28011.0,69.95
25941.0,70.11
24795.0,68.16
24404.0,67.18
24344.0,63.31
25095.0,59.27
27966.0,57.72
32151.0,57.73
34887.0,59.25
36168.0,59.38
36720.0,61.9
36467.0,61.76
36148.0,60.14
35951.0,59.62
34737.0,60.23
34184.0,57.08
33757.0,54.77
33869.0,54.55
33969.0,53.2
36317.0,55.11
37594.0,58.01
36190.0,68.52
33472.0,69.92
30303.0,66.27
26621.0,61.19
24888.0,57.78
23930.0,55.44
23558.0,55.46
23299.0,55.17
23892.0,56.02
26267.0,60.71
29756.0,65.42
31735.0,68.55
33035.0,69.9
33282.0,68.18
33298.0,67.83
33217.0,68.27
32794.0,67.7
31890.0,65.95
31192.0,61.49
30687.0,60.15
30363.0,61.32
29794.0,63.18
30042.0,66.7
31207.0,66.87
32710.0,70.41
30544.0,70.13
28621.0,63.95
23616.0,57.98
22180.0,57.77
20934.0,56.08
20364.0,55.46
19898.0,55.24
19924.0,55.86
20153.0,58.56
19914.0,62.57
21174.0,67.83
23151.0,69.11
24733.0,69.87
25592.0,69.09
25722.0,68.72
25702.0,69.03
25183.0,69.02
23871.0,64.8
23317.0,64.56
22920.0,64.55
23001.0,64.1
23497.0,67.19
24755.0,67.25
26864.0,69.23
26940.0,68.73
25491.0,64.49
25351.0,66.59
24005.0,66.08
23231.0,62.87
22747.0,61.59
22761.0,62.03
23034.0,62.25
24627.0,67.37
27193.0,69.36
29731.0,70.01
30867.0,70.47
31418.0,70.25
31752.0,70.75
32246.0,70.63
32052.0,70.6
30993.0,70.32
30175.0,67.77
29862.0,67.61
29721.0,68.04
29367.0,66.29
29193.0,67.96
29511.0,68.11
30084.0,69.47
29188.0,68.7
26647.0,67.2
27998.0,65.51
26373.0,65.39
25277.0,63.93
24745.0,61.68
24403.0,61.79
24691.0,60.66
26252.0,62.88
28473.0,65.25
30666.0,69.0
32681.0,69.8
33891.0,69.6
34683.0,70.36
35451.0,70.24
35791.0,69.68
34964.0,69.01
33971.0,67.82
33761.0,68.66
33622.0,69.42
33079.0,69.25
32631.0,70.25
32062.0,70.48
31507.0,71.16
30923.0,71.38
28894.0,69.71
28642.0,66.88
26657.0,66.17
25303.0,65.44
24607.0,63.76
24242.0,62.09
24528.0,62.31
26250.0,64.31
28124.0,65.31
30666.0,67.56
33411.0,69.49
35238.0,69.58
36661.0,70.39
37884.0,70.36
38801.0,69.49
38768.0,68.96
38277.0,66.64
38183.0,66.36
37718.0,65.99
36759.0,65.89
35882.0,67.03
35170.0,68.02
35640.0,68.62
34910.0,68.51
32677.0,66.99
27435.0,66.32
26123.0,65.47
25110.0,65.26
24742.0,65.7
24569.0,65.65
24731.0,64.7
26625.0,63.29
28902.0,61.93
30372.0,63.09
32146.0,65.69
33010.0,66.1
33930.0,66.52
34676.0,65.04
35039.0,65.25
34315.0,65.44
33600.0,58.8
33569.0,56.78
33269.0,56.3
32427.0,58.08
31826.0,62.34
32216.0,65.29
33136.0,68.16
30659.0,68.91
28345.0,68.14
25383.0,63.47
24117.0,62.62
22997.0,58.64
22523.0,59.23
22218.0,58.28
22002.0,58.06
22416.0,58.85
23454.0,57.54
24260.0,59.78
26286.0,61.03
27701.0,64.01
28343.0,64.88
28725.0,65.75
28897.0,66.48
28329.0,66.95
27125.0,65.43
26348.0,60.92
26139.0,58.45
25927.0,55.95
26518.0,56.86
28578.0,62.24
28490.0,67.83
26480.0,68.27
24838.0,66.59
26084.0,61.86
24537.0,60.59
23505.0,57.76
23167.0,57.99
23032.0,57.68
23756.0,58.05
26348.0,62.75
30479.0,64.21
32792.0,67.25
33853.0,67.6
34061.0,68.6
34056.0,69.56
34024.0,69.46
33994.0,69.38
33090.0,68.51
32744.0,66.23
32479.0,65.71
32760.0,65.45
35612.0,64.78
35760.0,66.11
34474.0,68.36
31980.0,66.99
29037.0,64.23
27099.0,60.91
25146.0,57.43
23741.0,57.56
23012.0,57.66
22712.0,57.23
22679.0,57.59
23201.0,60.73
24466.0,60.37
25342.0,65.66
27080.0,66.24
28473.0,65.83
28704.0,66.58
28486.0,66.97
28615.0,66.21
28199.0,63.08
26970.0,58.05
26315.0,57.14
26657.0,58.07
28875.0,59.12
29647.0,60.23
30217.0,59.57
30205.0,64.63
29226.0,62.18
27153.0,57.76
26152.0,55.61
24755.0,56.11
23778.0,55.36
23427.0,53.83
23310.0,53.77
23786.0,55.0
25259.0,57.55
27788.0,59.05
29822.0,61.57
31078.0,61.03
31318.0,60.91
31942.0,61.83
32510.0,60.16
32917.0,61.39
32073.0,62.14
31511.0,60.19
31376.0,59.12
31254.0,58.78
30559.0,58.97
30381.0,60.88
30422.0,60.43
30660.0,61.76
29948.0,61.53
27519.0,58.78
26248.0,61.8
24823.0,61.57
23886.0,60.0
23488.0,60.02
23326.0,59.6
23594.0,59.75
25070.0,62.3
27511.0,59.7
29631.0,62.43
31004.0,64.32
31589.0,64.36
32155.0,65.01
32696.0,66.18
32778.0,66.25
31932.0,65.76
31480.0,65.4
31459.0,65.1
31388.0,65.22
30987.0,64.31
30670.0,63.03
30579.0,64.78
30783.0,66.26
30016.0,66.36
27773.0,64.6
26545.0,60.91
25039.0,61.41
23831.0,60.27
23459.0,59.51
23245.0,59.49
23665.0,60.8
25173.0,60.92
27629.0,64.14
29804.0,67.36
31107.0,67.13
31852.0,65.98
32392.0,66.65
33055.0,67.13
33076.0,66.96
32079.0,66.04
31375.0,63.23
31215.0,61.53
31216.0,61.87
30792.0,60.15
30516.0,62.11
30192.0,61.84
29655.0,62.47
29208.0,63.34
27343.0,59.87
26286.0,56.72
24943.0,56.9
23717.0,56.75
23001.0,56.84
22599.0,56.91
22266.0,57.35
22261.0,60.09
22780.0,57.98
24770.0,58.62
27066.0,57.34
28757.0,58.81
29422.0,60.36
29815.0,60.28
29901.0,60.48
29116.0,62.1
27968.0,57.2
27234.0,56.88
27020.0,56.51
26875.0,57.12
26881.0,56.89
27057.0,57.78
27518.0,62.33
27710.0,60.57
26134.0,58.6
24507.0,53.46
23046.0,53.38
21862.0,49.68
21248.0,48.98
20821.0,48.76
20727.0,48.54
20470.0,48.25
20438.0,47.97
21646.0,50.56
23482.0,51.23
24995.0,50.58
25949.0,51.86
26344.0,53.77
26905.0,56.78
26909.0,54.51
25932.0,50.78
25249.0,48.77
24967.0,48.76
25160.0,48.27
25612.0,47.84
26143.0,50.56
27071.0,57.86
27959.0,61.03
26389.0,53.89
24422.0,61.27
22951.0,60.08
22081.0,57.61
21783.0,52.34
21805.0,52.35
22273.0,56.76
24374.0,59.84
27194.0,60.57
29655.0,62.52
31465.0,61.85
32562.0,61.46
33174.0,64.49
33909.0,66.23
34276.0,66.5
33565.0,66.09
32998.0,64.93
32969.0,63.84
32958.0,63.74
32504.0,63.69
32061.0,61.66
31681.0,62.93
31457.0,64.04
30606.0,62.29
28100.0,59.0
26818.0,56.14
25378.0,52.56
24349.0,48.68
23941.0,48.52
23605.0,48.54
23921.0,49.46
25499.0,55.33
28114.0,56.98
30220.0,60.51
31923.0,61.89
33073.0,63.51
33594.0,67.09
34508.0,68.26
34653.0,69.3
34020.0,68.66
33573.0,68.11
33510.0,68.13
33500.0,67.93
33100.0,67.62
32698.0,65.77
32516.0,66.17
32195.0,67.18
31326.0,66.65
28841.0,65.31
27475.0,64.67
25777.0,64.82
24736.0,63.62
24422.0,63.53
24210.0,63.77
24447.0,64.1
26116.0,65.28
28482.0,65.67
30864.0,69.36
32538.0,68.8
33636.0,68.07
34469.0,70.26
35190.0,70.68
35513.0,70.53
34769.0,70.31
34304.0,69.53
34311.0,69.2
34373.0,69.32
33809.0,69.54
33497.0,67.23
33103.0,67.91
32395.0,68.54
31629.0,68.28
29263.0,65.71
27761.0,64.33
26298.0,63.56
25212.0,63.66
24897.0,63.89
24604.0,63.72
25001.0,63.41
26571.0,64.11
28993.0,64.73
31206.0,67.22
33032.0,68.1
34119.0,68.03
34753.0,70.79
35347.0,71.24
35856.0,71.68
35232.0,71.35
34743.0,70.25
34875.0,70.16
34818.0,69.74
34269.0,68.94
33725.0,67.22
33169.0,67.26
32652.0,67.92
31887.0,67.7
29578.0,65.24
28355.0,64.04
26648.0,63.51
25441.0,62.21
25028.0,59.81
24828.0,59.37
25145.0,59.7
26756.0,62.9
29243.0,64.68
31360.0,67.43
33300.0,67.19
34478.0,67.58
35207.0,70.39
36037.0,70.66
36403.0,70.38
35553.0,69.77
34690.0,69.08
34563.0,68.7
34426.0,68.68
33890.0,68.38
33344.0,67.05
32566.0,67.27
31784.0,67.16
30983.0,67.35
29135.0,66.29
28162.0,56.8
26703.0,55.73
25263.0,55.33
24532.0,56.06
23981.0,56.04
23579.0,56.59
23500.0,55.7
24206.0,56.52
26117.0,60.7
28368.0,63.1
30180.0,64.36
30977.0,65.03
31535.0,64.79
31889.0,65.47
31458.0,65.18
30595.0,64.51
29769.0,63.39
29513.0,63.32
29355.0,63.75
29397.0,64.74
29286.0,64.54
29056.0,65.66
28844.0,65.99
27269.0,63.85
25716.0,65.14
24383.0,64.62
23256.0,64.18
22580.0,64.58
22124.0,63.87
21877.0,64.08
21620.0,63.56
21394.0,61.32
22617.0,64.16
24328.0,64.54
25740.0,63.46
26844.0,64.13
27739.0,64.63
28468.0,65.28
28939.0,65.36
28233.0,64.63
27710.0,63.63
27635.0,63.02
27641.0,63.37
27872.0,64.39
28204.0,65.2
28878.0,65.96
29905.0,66.56
28273.0,65.56
26169.0,65.2
24549.0,63.67
23529.0,60.94
23106.0,57.64
22985.0,57.68
23473.0,59.48
25449.0,63.48
28008.0,66.14
30594.0,69.27
32881.0,70.14
34227.0,70.12
34880.0,72.25
35800.0,72.77
36379.0,72.96
35953.0,72.55
35537.0,71.61
35565.0,71.39
35521.0,71.32
34916.0,70.79
34367.0,69.51
33898.0,69.83
32904.0,70.12
32238.0,71.11
29832.0,68.93
28393.0,66.5
26760.0,65.04
25532.0,63.65
25074.0,63.53
25132.0,63.72
25377.0,64.26
26865.0,64.83
29097.0,66.8
31224.0,70.95
33508.0,72.01
34660.0,71.67
35354.0,73.92
36184.0,74.27
36653.0,74.25
36209.0,72.97
35709.0,71.74
35671.0,71.07
35641.0,70.99
34963.0,70.91
34315.0,69.42
33679.0,70.27
33164.0,71.0
32441.0,70.47
29878.0,67.98
28418.0,65.87
26716.0,65.29
25535.0,64.55
25007.0,63.69
24923.0,63.9
25282.0,64.27
26752.0,64.52
29059.0,66.19
31297.0,69.91
33351.0,69.48
34486.0,69.77
35222.0,72.54
36273.0,72.94
36815.0,73.32
36035.0,73.04
35371.0,71.81
35419.0,71.46
35368.0,71.32
34732.0,70.88
34162.0,70.24
33552.0,69.82
32788.0,69.49
31972.0,69.73
29628.0,67.19
28405.0,65.33
26871.0,64.0
25704.0,63.56
25129.0,62.33
24924.0,62.27
25190.0,62.35
26699.0,62.95
28939.0,63.92
31028.0,68.68
33287.0,69.51
34345.0,70.04
35012.0,72.71
35847.0,73.04
36268.0,72.64
35426.0,72.54
34766.0,71.54
34552.0,71.42
34418.0,71.31
33784.0,70.98
33216.0,69.49
32582.0,69.22
32058.0,70.48
31450.0,69.81
29281.0,67.96
28168.0,65.78
26452.0,65.37
25301.0,63.89
24885.0,63.18
24646.0,62.83
24928.0,63.8
26426.0,65.06
28657.0,66.38
30562.0,70.12
32602.0,69.85
33768.0,69.99
34488.0,72.08
35248.0,72.25
35471.0,72.31
34738.0,71.23
33913.0,69.92
33702.0,69.77
33480.0,69.59
32866.0,69.28
32425.0,67.66
31803.0,68.82
31206.0,68.66
30656.0,69.32
28702.0,68.64
27957.0,67.02
26414.0,65.88
25080.0,64.89
24330.0,64.52
23956.0,63.09
23763.0,63.59
23722.0,62.4
24234.0,61.77
26160.0,62.83
28311.0,63.29
29972.0,63.19
30712.0,63.88
30933.0,64.14
31161.0,63.94
30643.0,64.33
29610.0,60.89
28967.0,59.42
28840.0,59.53
28582.0,62.17
28581.0,64.29
28506.0,66.68
28608.0,67.72
28903.0,68.66
27246.0,69.12
25450.0,66.5
23662.0,65.97
22130.0,65.85
21250.0,63.24
20994.0,63.07
20974.0,62.85
21423.0,61.56
22259.0,58.28
22981.0,59.63
24643.0,60.83
26939.0,60.11
28050.0,61.58
28642.0,61.38
29427.0,61.47
29679.0,61.39
28491.0,56.57
27811.0,55.53
28043.0,55.62
30461.0,55.92
31765.0,57.98
32899.0,61.98
32866.0,66.99
31471.0,68.85
28895.0,68.95
29682.0,63.5
27419.0,59.47
26095.0,57.05
25574.0,57.06
25491.0,57.2
26150.0,59.58
28981.0,63.49
34156.0,64.0
37284.0,68.97
38717.0,69.26
39468.0,70.43
39217.0,72.8
38876.0,74.12
38694.0,74.31
37560.0,73.15
37095.0,71.6
36883.0,70.85
36827.0,70.74
37645.0,70.75
39948.0,69.38
40620.0,69.34
39824.0,70.38
36818.0,69.99
32993.0,69.43
27990.0,65.58
26084.0,63.5
24947.0,62.11
24421.0,60.56
24342.0,60.5
25120.0,62.18
27846.0,63.79
32120.0,64.45
34875.0,68.47
36076.0,69.96
36175.0,69.88
35863.0,72.21
35292.0,71.91
34965.0,71.42
33976.0,70.82
33462.0,70.06
33062.0,69.74
32879.0,69.77
33091.0,70.77
35806.0,69.02
37081.0,69.46
36094.0,69.07
33493.0,71.25
30326.0,67.58
27076.0,66.0
25159.0,63.75
23804.0,63.44
23164.0,63.48
22800.0,63.5
22603.0,64.17
23126.0,64.45
24012.0,63.96
25351.0,69.85
27939.0,73.0
29814.0,70.56
30452.0,73.5
30422.0,72.77
30282.0,71.3
29350.0,71.06
27873.0,69.53
26869.0,68.49
26437.0,68.77
26246.0,68.75
26631.0,67.38
27980.0,66.81
29934.0,65.39
28499.0,68.52
26784.0,65.15
23630.0,60.79
22012.0,56.57
21199.0,56.41
20892.0,56.76
20943.0,56.74
21579.0,57.16
24305.0,59.93
27087.0,62.49
29447.0,67.69
30720.0,68.68
31212.0,69.09
31663.0,71.68
31888.0,71.34
31955.0,70.89
31162.0,71.13
30550.0,70.93
30223.0,70.24
30027.0,70.02
29384.0,69.93
29316.0,68.14
29950.0,67.83
31368.0,68.5
29592.0,69.36
27025.0,68.4
25088.0,65.59
23716.0,62.67
22777.0,60.88
22438.0,59.79
22392.0,59.26
22793.0,61.57
24380.0,64.43
26908.0,64.12
29109.0,67.89
30374.0,69.09
30993.0,69.0
31320.0,71.68
31688.0,72.22
31680.0,72.48
30879.0,71.59
30331.0,70.41
30161.0,70.02
30098.0,69.88
29642.0,69.51
29547.0,68.13
29843.0,68.26
30333.0,68.38
29218.0,68.45
26862.0,67.22
27807.0,65.68
26339.0,64.52
25043.0,64.82
24090.0,65.2
23646.0,65.13
23345.0,65.24
23322.0,64.7
23860.0,64.23
25560.0,64.66
27849.0,65.71
29616.0,65.63
30494.0,66.0
31133.0,65.99
31461.0,66.72
31047.0,66.49
30129.0,65.18
29442.0,64.65
29155.0,64.51
28930.0,64.38
28894.0,64.59
28953.0,65.47
29181.0,66.33
28974.0,67.05
27585.0,65.16
30545.0,63.45
28485.0,61.82
26878.0,59.9
25691.0,57.92
25381.0,57.28
25495.0,57.62
26997.0,57.42
28715.0,57.28
31157.0,59.34
33758.0,59.15
35424.0,62.82
36614.0,65.98
37430.0,66.48
38316.0,66.96
38409.0,67.06
37802.0,65.99
37544.0,64.95
37124.0,65.84
36108.0,64.98
35286.0,65.18
34521.0,63.39
34541.0,67.01
33572.0,67.68
31410.0,66.38
27123.0,65.4
25818.0,62.56
24962.0,57.68
24366.0,56.47
24240.0,56.2
24514.0,56.71
26329.0,62.06
28866.0,65.27
30197.0,68.7
31950.0,68.69
32921.0,69.91
33510.0,72.72
34252.0,73.1
34517.0,73.31
33470.0,73.0
32820.0,71.81
32522.0,71.36
32268.0,71.15
31706.0,70.45
31235.0,68.93
31512.0,68.6
32294.0,68.97
29748.0,69.59
27771.0,68.38
23704.0,64.21
22386.0,60.26
21376.0,57.31
20919.0,55.78
20529.0,55.32
20394.0,56.16
20740.0,60.83
21221.0,63.81
21438.0,67.84
22978.0,69.19
24510.0,69.41
25320.0,72.22
25666.0,72.59
26160.0,73.39
25935.0,72.61
24602.0,71.77
23743.0,71.41
23627.0,70.91
23616.0,69.91
24581.0,68.37
27385.0,68.21
27400.0,68.78
26009.0,69.31
24444.0,67.97
26896.0,64.54
25078.0,58.54
24024.0,56.97
23575.0,56.47
23566.0,55.63
24232.0,55.99
26912.0,60.21
30793.0,64.62
32840.0,69.31
34145.0,70.09
34219.0,72.78
34251.0,74.03
33930.0,74.68
32859.0,73.74
32408.0,72.06
32215.0,71.42
32427.0,70.79
34078.0,70.24
35032.0,68.63
35386.0,69.2
34355.0,70.25
31735.0,70.88
28718.0,68.51
25054.0,64.97
23354.0,64.17
22247.0,61.0
21664.0,59.95
21627.0,59.88
22155.0,60.72
23847.0,64.63
26679.0,66.6
28528.0,71.27
30565.0,73.09
31321.0,72.34
31096.0,75.15
30646.0,76.35
30904.0,76.84
30135.0,76.13
29300.0,74.47
28790.0,74.03
29300.0,73.42
31319.0,72.56
31828.0,70.28
32006.0,70.98
31430.0,71.24
29670.0,71.0
27591.0,68.89
29096.0,65.71
27230.0,64.03
26110.0,61.25
25539.0,59.77
25315.0,59.92
25593.0,61.77
27246.0,64.63
29391.0,66.4
31485.0,71.31
33617.0,71.92
34903.0,71.75
35570.0,74.38
36474.0,74.94
36677.0,75.26
35679.0,73.73
34870.0,72.9
34611.0,72.52
34392.0,72.56
33805.0,71.52
33304.0,70.1
32691.0,70.86
32157.0,71.52
31385.0,71.28
29337.0,70.12
28299.0,67.6
26601.0,66.75
25318.0,65.98
24505.0,65.47
24008.0,65.21
23693.0,65.46
23714.0,64.69
24145.0,64.83
25837.0,66.85
28116.0,67.34
30057.0,67.95
31072.0,68.65
31523.0,68.58
31777.0,68.25
31226.0,68.05
30492.0,66.52
29771.0,64.86
29596.0,63.85
29318.0,63.57
29325.0,65.0
29302.0,67.73
29392.0,69.0
29246.0,69.38
27577.0,68.6
26101.0,67.63
24566.0,66.53
23242.0,65.61
22339.0,65.66
21914.0,63.26
21725.0,63.18
21586.0,62.92
21241.0,63.17
22276.0,67.25
23898.0,67.89
25546.0,66.84
26643.0,68.29
27410.0,68.08
28058.0,68.68
28224.0,67.96
27585.0,63.45
27118.0,59.89
26924.0,57.48
27034.0,57.0
27154.0,59.64
27473.0,61.02
28317.0,64.04
29249.0,68.56
27751.0,63.99
25918.0,64.09
24484.0,57.5
23503.0,55.24
23117.0,55.16
22962.0,55.26
23457.0,55.23
25561.0,58.09
27818.0,62.44
30300.0,68.64
32496.0,69.97
33569.0,70.21
34189.0,72.2
34960.0,72.74
35207.0,73.21
34561.0,73.07
33893.0,71.86
33816.0,72.07
33961.0,72.3
33469.0,71.96
33043.0,70.49
32613.0,71.24
32355.0,72.65
31786.0,73.13
29517.0,70.92
28134.0,66.29
26507.0,64.46
25331.0,60.73
24702.0,60.64
24550.0,59.6
24847.0,60.23
26449.0,64.46
28415.0,66.55
30862.0,70.83
33157.0,71.49
34557.0,71.65
35241.0,74.01
36183.0,74.95
36653.0,75.53
36071.0,74.41
35435.0,73.32
35369.0,72.88
35213.0,72.48
34628.0,71.81
34110.0,69.83
33538.0,70.05
33272.0,70.32
32651.0,70.35
30270.0,66.85
28690.0,63.96
26796.0,60.23
25735.0,58.25
25146.0,58.7
24907.0,58.05
25255.0,58.61
26756.0,64.4
28962.0,67.51
31249.0,70.89
33542.0,72.19
34931.0,72.05
35849.0,74.63
36659.0,74.6
37168.0,74.93
36457.0,74.06
35857.0,73.0
35707.0,72.87
35740.0,72.69
35114.0,72.82
34501.0,70.31
33903.0,70.87
33683.0,72.35
32976.0,73.5
30583.0,71.84
29017.0,68.99
27235.0,67.08
25997.0,65.19
25347.0,62.87
25105.0,63.02
25346.0,64.5
26899.0,66.75
29065.0,67.18
31341.0,72.4
33581.0,73.76
34945.0,73.75
35731.0,76.01
36792.0,76.12
37259.0,75.89
36579.0,75.21
35878.0,73.11
35914.0,72.32
35815.0,71.82
35147.0,71.56
34521.0,70.09
33878.0,70.01
33529.0,70.09
32895.0,70.32
30465.0,69.2
28925.0,65.43
27193.0,61.53
25980.0,60.31
25411.0,59.73
24989.0,59.54
25321.0,60.74
26940.0,65.06
28927.0,66.31
31228.0,71.71
33491.0,72.67
34893.0,72.87
35532.0,74.82
36342.0,75.15
36712.0,75.44
35997.0,73.41
35123.0,72.04
34779.0,71.05
34443.0,69.23
33796.0,66.14
33220.0,65.33
32719.0,67.26
32229.0,69.3
31468.0,69.04
29384.0,67.83
28043.0,65.78
26512.0,63.69
25248.0,61.49
24450.0,61.7
23913.0,61.64
23579.0,61.86
23717.0,63.63
23904.0,63.89
25430.0,66.23
27737.0,68.5
29529.0,69.44
30404.0,69.66
30825.0,69.72
31025.0,70.06
30547.0,69.57
29693.0,67.99
28959.0,66.8
28684.0,65.56
28352.0,64.44
28315.0,65.78
28444.0,67.59
28914.0,68.37
28656.0,69.7
27037.0,68.76
25467.0,68.91
24044.0,67.55
22825.0,66.37
22063.0,64.42
21628.0,62.92
21353.0,62.97
21364.0,61.96
21130.0,60.07
21973.0,63.5
23487.0,63.53
24850.0,62.59
25912.0,63.36
26696.0,66.1
27422.0,67.52
27595.0,67.76
26989.0,66.08
26432.0,64.92
26203.0,63.38
26150.0,62.38
26477.0,62.83
26788.0,63.87
27824.0,67.34
28816.0,69.19
27511.0,67.34
25719.0,66.39
24177.0,62.72
23104.0,60.13
22626.0,58.8
22463.0,58.35
23051.0,58.98
25197.0,62.46
27525.0,66.67
30005.0,71.47
32592.0,72.28
34127.0,72.21
35041.0,74.06
36049.0,74.84
36647.0,75.07
36064.0,74.53
35382.0,73.07
35287.0,72.92
35214.0,71.62
34669.0,71.51
34108.0,70.46
33442.0,71.55
33312.0,72.42
32204.0,71.66
30015.0,71.94
28473.0,67.9
26694.0,66.06
25631.0,64.09
25028.0,61.56
24780.0,61.67
25136.0,62.86
26799.0,65.49
28735.0,66.67
31030.0,71.75
33473.0,73.45
34896.0,73.86
35815.0,75.33
36694.0,77.3
37175.0,77.46
36612.0,75.79
36022.0,76.79
35906.0,74.66
35860.0,74.92
35029.0,74.01
34432.0,71.72
33639.0,70.76
33400.0,71.76
32606.0,70.88
30185.0,69.11
28609.0,67.36
26913.0,65.68
25584.0,63.35
24908.0,61.28
24636.0,60.91
24842.0,61.55
26429.0,65.58
28270.0,67.22
30337.0,71.09
32605.0,72.82
34034.0,73.42
34822.0,75.84
35658.0,77.07
36174.0,76.79
35730.0,76.09
35470.0,74.6
35357.0,74.43
35241.0,74.42
34646.0,73.42
34004.0,72.95
33326.0,71.63
33175.0,72.64
32527.0,72.44
30275.0,71.09
28590.0,69.27
26856.0,67.72
25618.0,66.72
24990.0,65.32
24815.0,65.4
24977.0,66.14
26743.0,67.71
28746.0,68.0
30813.0,72.63
33229.0,73.78
34682.0,74.37
35632.0,77.01
36541.0,77.73
37007.0,78.08
36463.0,76.79
35869.0,75.37
35825.0,75.02
35841.0,75.1
35226.0,74.97
34693.0,75.84
33834.0,72.91
33595.0,71.91
32734.0,72.42
30425.0,69.93
28970.0,69.4
27150.0,68.08
25840.0,66.42
25263.0,65.51
24913.0,65.88
25243.0,66.88
26911.0,69.07
28775.0,69.44
30960.0,73.42
33188.0,74.93
34738.0,75.07
35737.0,76.72
36773.0,76.27
37236.0,76.79
36549.0,74.8
35786.0,73.12
35438.0,72.02
35135.0,71.68
34577.0,70.74
34061.0,69.18
33256.0,68.42
32698.0,68.36
31583.0,68.16
29607.0,64.2
28710.0,68.19
27040.0,67.75
25585.0,66.68
24729.0,65.61
24219.0,65.6
23841.0,65.54
23987.0,65.99
24135.0,65.59
25807.0,67.67
27959.0,68.94
29877.0,69.92
30996.0,70.75
31586.0,70.84
31983.0,71.51
31762.0,69.9
31116.0,69.31
30453.0,68.62
30153.0,67.39
29810.0,67.59
29829.0,67.34
29712.0,69.61
30051.0,71.8
29829.0,72.22
28105.0,70.86
26355.0,70.92
24752.0,69.18
23407.0,66.68
22645.0,67.6
22067.0,66.63
21841.0,65.25
21933.0,63.72
21532.0,62.43
22454.0,62.9
24194.0,61.87
25697.0,62.93
26797.0,64.27
27459.0,64.35
28127.0,66.51
28535.0,66.66
28193.0,63.25
27701.0,59.59
27383.0,59.41
27264.0,58.31
27485.0,61.83
27598.0,64.3
28951.0,69.83
30006.0,71.91
28359.0,69.38
26247.0,66.5
24580.0,65.18
23484.0,62.72
23034.0,61.08
22737.0,60.93
23189.0,62.49
25364.0,67.31
27359.0,68.19
29652.0,72.61
32207.0,75.6
33884.0,75.61
34860.0,78.11
35806.0,78.03
36421.0,78.34
36015.0,77.93
35380.0,74.69
35235.0,73.99
35139.0,74.05
34631.0,74.1
33979.0,71.9
33158.0,73.02
33154.0,74.67
32370.0,74.54
30021.0,73.74
28375.0,70.46
26665.0,69.71
25377.0,67.57
24819.0,66.3
24502.0,66.15
24725.0,66.7
26399.0,68.31
28154.0,68.25
30037.0,75.67
32451.0,73.85
34132.0,74.53
35251.0,77.05
36341.0,77.42
36977.0,77.85
36498.0,77.75
35846.0,76.5
35676.0,75.43
35527.0,74.87
34766.0,74.27
34164.0,73.68
33470.0,72.95
33638.0,73.17
32927.0,72.18
30395.0,69.09
26185.0,66.64
24330.0,63.19
23125.0,58.53
22738.0,56.94
22658.0,56.64
23611.0,56.43
26856.0,59.41
31913.0,63.36
35308.0,70.02
36816.0,71.66
37648.0,72.07
37613.0,74.24
37279.0,75.05
37139.0,75.84
35950.0,75.63
35288.0,74.47
35075.0,74.05
35447.0,73.5
37221.0,72.66
38093.0,72.26
38400.0,71.71
37615.0,73.19
34909.0,72.63
31417.0,68.94
30138.0,65.68
27810.0,62.51
26548.0,58.79
25999.0,57.16
25856.0,57.1
26467.0,56.84
29310.0,62.18
34557.0,68.07
37836.0,72.03
39251.0,72.9
39925.0,73.05
39648.0,74.71
39090.0,76.01
38956.0,76.99
37814.0,76.92
37394.0,75.79
37128.0,75.41
37154.0,75.46
37851.0,75.11
40241.0,76.64
40693.0,75.45
39834.0,76.84
37133.0,76.54
33466.0,73.94
27987.0,72.19
26001.0,69.58
24842.0,67.37
24377.0,65.6
24260.0,65.71
25056.0,66.33
27548.0,69.22
31386.0,73.07
34074.0,76.78
35651.0,77.6
36192.0,77.26
36087.0,77.38
35416.0,77.48
35095.0,78.48
34033.0,77.62
33336.0,75.88
32903.0,74.85
32637.0,76.45
32660.0,76.69
34938.0,76.41
36206.0,76.71
35163.0,77.5
32799.0,74.41
29696.0,71.81
24993.0,74.0
23223.0,71.2
21870.0,69.35
21235.0,68.48
20695.0,67.84
20651.0,67.71
21010.0,66.22
21491.0,66.1
22124.0,68.33
24218.0,70.87
26087.0,71.78
27036.0,73.94
27280.0,73.86
27454.0,75.64
26938.0,75.58
25609.0,72.27
24807.0,70.64
24292.0,69.84
24262.0,69.79
25096.0,69.19
27050.0,70.4
29813.0,72.12
28651.0,72.46
26800.0,70.93
25445.0,70.37
24065.0,68.37
23058.0,66.74
22655.0,63.72
22520.0,63.5
22866.0,63.24
25021.0,63.22
27681.0,60.85
30081.0,63.37
31210.0,66.51
31622.0,68.21
31979.0,70.6
32195.0,72.11
32129.0,74.06
31332.0,74.39
30812.0,72.45
30335.0,71.46
30121.0,70.89
29635.0,71.19
29547.0,71.86
30264.0,73.25
31499.0,77.69
29660.0,78.36
26964.0,76.13
25338.0,70.9
24084.0,68.38
23160.0,66.33
22786.0,65.31
22706.0,64.34
23060.0,66.23
24596.0,68.66
27110.0,70.54
29434.0,73.76
30648.0,75.64
31239.0,76.21
31718.0,77.23
32197.0,77.42
32185.0,77.5
31169.0,77.3
30324.0,76.26
30074.0,75.87
29808.0,77.24
29260.0,81.19
29146.0,81.03
29152.0,81.59
29454.0,82.59
28723.0,78.88
26760.0,73.3
25967.0,67.17
24361.0,64.44
23102.0,60.13
22237.0,59.21
21767.0,58.7
21630.0,58.79
21405.0,62.83
21095.0,68.97
22202.0,73.25
24051.0,76.36
25693.0,75.0
26668.0,74.75
27461.0,73.69
28200.0,73.98
28540.0,73.17
27904.0,73.38
27371.0,73.33
27041.0,75.48
27101.0,75.14
27399.0,74.2
27839.0,74.22
28591.0,75.17
29837.0,74.12
28424.0,68.43
29365.0,68.97
27495.0,67.31
25997.0,64.71
25480.0,63.05
25043.0,62.92
25123.0,64.72
26574.0,67.46
28273.0,68.37
30541.0,74.12
32911.0,75.61
34358.0,75.64
35501.0,75.49
36538.0,76.43
37399.0,76.4
37272.0,76.36
36538.0,71.89
36388.0,71.0
35993.0,69.7
35206.0,70.59
34342.0,70.84
33643.0,72.36
34038.0,75.87
32943.0,75.57
30516.0,70.82
26635.0,67.32
25297.0,64.72
24220.0,59.75
23451.0,59.54
23123.0,57.77
22782.0,59.88
23166.0,63.55
23758.0,66.01
24423.0,70.68
26650.0,71.72
28194.0,71.43
28910.0,72.36
29219.0,73.62
29436.0,74.08
28791.0,73.19
27417.0,72.02
26655.0,72.54
26303.0,70.29
26249.0,69.23
26413.0,69.45
27722.0,71.77
28973.0,73.66
27323.0,73.36
25612.0,70.99
22999.0,64.92
22001.0,61.64
21410.0,58.81
21206.0,57.57
21151.0,57.14
21652.0,57.52
24122.0,59.81
27744.0,62.62
29378.0,68.3
30267.0,71.56
30756.0,72.76
31016.0,74.15
31506.0,76.11
31458.0,76.82
30605.0,76.16
29963.0,73.04
29620.0,72.9
29609.0,72.24
29172.0,71.21
29901.0,70.55
32155.0,71.11
31328.0,72.5
28356.0,72.29
25918.0,70.78
26702.0,67.92
24964.0,66.62
24004.0,66.02
23651.0,65.17
23575.0,65.46
24168.0,64.76
26665.0,63.28
30595.0,63.28
32802.0,66.32
33841.0,67.87
34344.0,68.81
34361.0,69.37
34245.0,70.47
34043.0,71.16
33033.0,71.18
32666.0,69.5
32585.0,69.27
32875.0,68.99
34444.0,67.83
35234.0,69.14
35394.0,70.64
34094.0,72.43
31651.0,73.43
28816.0,70.74
25906.0,69.6
24076.0,68.18
22709.0,68.54
21894.0,68.84
21726.0,68.46
21772.0,68.6
22297.0,68.3
23359.0,67.14
24455.0,65.8
26532.0,68.14
28199.0,66.15
28435.0,68.48
28032.0,68.66
28116.0,69.0
27924.0,66.9
26752.0,62.92
25914.0,58.04
26218.0,57.54
28437.0,57.66
29204.0,65.42
29850.0,69.74
29806.0,73.96
28872.0,75.76
27033.0,73.88
26093.0,68.97
24455.0,66.96
23404.0,64.23
22866.0,63.65
22537.0,62.42
22837.0,63.9
24270.0,66.64
25848.0,66.74
27817.0,73.16
29997.0,73.97
31601.0,73.26
32529.0,74.29
33588.0,75.54
34403.0,76.09
34255.0,75.42
33572.0,73.71
33345.0,72.69
33149.0,71.94
32567.0,69.87
32089.0,69.49
31439.0,69.97
32132.0,73.12
30987.0,72.28
28901.0,67.74
27029.0,67.56
25390.0,66.67
24070.0,60.56
23519.0,59.11
23068.0,58.7
23264.0,58.57
24561.0,63.96
25951.0,67.49
27834.0,70.58
29973.0,71.81
31290.0,71.11
32211.0,71.4
32928.0,71.48
33591.0,72.44
33502.0,71.94
32878.0,71.13
32546.0,70.82
32356.0,70.83
31882.0,70.22
31473.0,70.71
30939.0,70.68
31556.0,72.43
30282.0,72.62
28217.0,70.02
26764.0,65.11
25177.0,61.63
23926.0,57.77
23125.0,58.07
22587.0,57.46
22369.0,57.37
22544.0,57.97
22456.0,58.73
23074.0,59.26
24621.0,63.82
25922.0,64.17
26977.0,67.62
27580.0,68.68
28378.0,69.63
28790.0,70.12
28324.0,69.06
27892.0,69.23
27632.0,69.07
27488.0,67.54
27534.0,69.32
27628.0,72.95
29240.0,74.79
28973.0,75.46
27493.0,72.2
26209.0,69.49
24611.0,67.37
23438.0,65.57
22826.0,65.23
22575.0,64.12
22881.0,65.55
24412.0,68.76
25875.0,69.32
27715.0,73.65
29705.0,74.43
31056.0,74.35
31997.0,74.67
32707.0,74.94
33229.0,75.14
32836.0,74.93
32118.0,70.93
31653.0,70.36
31327.0,70.48
30858.0,74.6
30427.0,75.18
30119.0,75.46
31121.0,75.57
29839.0,75.38
27911.0,67.79
26210.0,67.99
24595.0,66.5
23436.0,60.15
22844.0,58.74
22562.0,57.28
22682.0,57.09
23916.0,62.6
25261.0,68.57
27142.0,70.85
29149.0,70.91
30498.0,69.94
31334.0,70.21
31894.0,70.38
32221.0,71.69
31664.0,71.88
30764.0,69.97
30507.0,70.03
30314.0,70.45
29912.0,71.26
29657.0,71.06
29620.0,71.01
30623.0,70.65
29154.0,70.79
27310.0,62.31
25929.0,62.97
24311.0,60.56
22957.0,54.82
22338.0,53.48
21948.0,53.42
21642.0,53.29
22015.0,54.53
22046.0,55.81
22948.0,60.47
24967.0,62.82
26597.0,59.82
27487.0,60.73
27992.0,64.19
28506.0,68.08
28416.0,70.08
27685.0,67.5
27184.0,67.2
26856.0,66.69
26691.0,67.53
26749.0,69.5
27075.0,70.64
28623.0,71.57
27685.0,71.17
26121.0,67.98
24679.0,61.98
23358.0,61.36
22078.0,58.12
21339.0,56.79
20824.0,56.69
20603.0,56.17
20846.0,56.31
20591.0,56.43
21084.0,56.91
22704.0,57.77
23971.0,62.11
25086.0,61.46
25758.0,66.66
26496.0,68.25
26977.0,69.01
26554.0,67.8
25985.0,66.9
25751.0,63.82
25616.0,63.41
25806.0,68.0
26164.0,72.71
28181.0,73.1
28217.0,73.66
26755.0,68.82
25007.0,66.71
23511.0,61.09
22472.0,58.99
22004.0,59.68
21771.0,57.25
22051.0,57.83
23716.0,61.71
25487.0,67.52
27557.0,70.43
29979.0,71.06
31477.0,71.56
32562.0,73.82
33542.0,74.11
34175.0,75.11
33913.0,75.3
33293.0,74.18
33110.0,73.24
32845.0,73.32
32431.0,72.05
31987.0,72.95
31840.0,73.1
32803.0,75.06
31356.0,74.12
29191.0,70.09
27189.0,63.93
25419.0,60.69
24349.0,59.47
23699.0,58.15
23395.0,58.54
23648.0,58.55
25094.0,68.72
26896.0,71.17
28667.0,74.11
30997.0,77.84
32615.0,77.99
33757.0,78.57
34813.0,78.54
35427.0,79.25
35077.0,78.26
34302.0,76.1
34083.0,75.83
33902.0,77.67
33342.0,77.6
32720.0,76.75
32221.0,78.08
33440.0,79.19
31710.0,76.29
29465.0,68.46
27739.0,67.98
25970.0,66.47
24809.0,64.73
24201.0,63.76
23866.0,63.71
24037.0,65.05
25442.0,71.79
27387.0,75.16
29262.0,78.32
31493.0,81.08
32871.0,79.74
34121.0,80.19
35133.0,81.44
35838.0,80.92
35538.0,78.95
34892.0,78.8
34672.0,77.39
34419.0,77.33
33637.0,76.8
33014.0,76.57
32640.0,78.4
33764.0,79.71
31919.0,78.43
29688.0,72.22
27954.0,71.24
26224.0,67.1
24979.0,64.5
24378.0,63.88
23989.0,63.19
24133.0,64.58
25674.0,70.07
27452.0,72.82
29287.0,75.37
31506.0,77.6
32786.0,79.03
33889.0,78.53
34890.0,77.97
35640.0,76.94
35316.0,76.58
34607.0,72.92
34296.0,73.65
33877.0,75.41
33369.0,76.09
32834.0,76.11
32684.0,76.09
33776.0,77.89
31935.0,75.38
29573.0,69.13
27889.0,70.08
26145.0,66.16
24863.0,63.92
24352.0,62.24
24006.0,60.59
24101.0,60.35
25537.0,66.43
27229.0,70.36
28934.0,74.04
31017.0,75.8
32385.0,75.47
33540.0,75.1
34523.0,74.88
35188.0,75.33
34922.0,75.09
34200.0,70.87
33919.0,70.47
33692.0,68.58
33128.0,70.0
32533.0,74.04
32142.0,73.8
33035.0,73.44
31148.0,72.4
29316.0,69.92
27713.0,69.74
26232.0,67.36
24833.0,66.06
23979.0,64.91
23429.0,64.31
23055.0,63.73
23362.0,64.62
23603.0,64.55
24408.0,64.77
26401.0,67.43
28019.0,66.87
29139.0,68.12
29761.0,70.34
30406.0,71.32
30248.0,71.4
29639.0,69.47
29001.0,66.85
28687.0,64.93
28330.0,69.83
28103.0,71.78
28279.0,73.55
29860.0,73.41
28522.0,72.93
26854.0,71.81
25508.0,71.57
24037.0,71.0
22915.0,67.39
22284.0,67.74
21820.0,65.92
21539.0,66.28
21697.0,67.4
21525.0,67.33
21711.0,66.47
23258.0,69.09
24579.0,68.22
25687.0,70.13
26392.0,70.38
27082.0,72.14
27489.0,72.54
27040.0,70.04
26615.0,69.55
26368.0,69.5
26239.0,68.48
26438.0,73.86
27124.0,75.81
29284.0,79.82
29126.0,79.77
27622.0,75.61
26063.0,70.79
24528.0,69.16
23403.0,65.39
22886.0,61.84
22621.0,60.82
23030.0,61.03
25246.0,65.19
27543.0,69.09
29647.0,74.03
31894.0,74.67
33384.0,75.16
34627.0,74.25
35676.0,75.06
36473.0,75.36
36183.0,75.4
35579.0,74.07
35404.0,73.91
35245.0,76.27
34705.0,78.8
34068.0,80.19
33828.0,80.45
35041.0,81.21
32942.0,80.76
30625.0,73.84
28520.0,69.4
26801.0,66.01
25530.0,63.79
25041.0,62.19
24584.0,61.16
24939.0,61.8
26707.0,68.36
28868.0,74.32
30972.0,77.25
33419.0,78.3
34944.0,78.67
36017.0,78.08
36412.0,76.94
36684.0,74.85
36627.0,74.5
36049.0,73.63
35965.0,75.09
35725.0,76.46
34916.0,77.11
34207.0,77.42
33982.0,81.01
34957.0,83.32
32841.0,77.78
30427.0,73.81
28607.0,74.21
26810.0,71.61
25610.0,70.48
25108.0,68.31
24807.0,68.01
25066.0,68.03
26799.0,70.32
28937.0,75.88
31031.0,79.08
33115.0,83.12
34631.0,81.38
35647.0,81.88
36507.0,82.61
37034.0,83.06
36312.0,82.4
35466.0,78.51
35297.0,77.73
35109.0,77.46
34485.0,78.21
33930.0,78.22
33754.0,78.57
34561.0,77.37
32448.0,75.85
30194.0,70.53
28295.0,69.04
26661.0,65.59
25524.0,63.16
24984.0,62.46
24788.0,61.85
25041.0,63.04
26654.0,68.5
28869.0,75.8
30775.0,79.49
32811.0,82.4
34400.0,81.31
35372.0,81.39
36276.0,81.06
36859.0,81.9
36353.0,80.45
35537.0,79.62
35232.0,78.62
35000.0,77.76
34479.0,79.33
33895.0,79.7
33768.0,79.78
34682.0,79.92
32504.0,77.13
30222.0,71.43
28321.0,68.56
26693.0,64.87
25550.0,62.73
24990.0,61.51
24719.0,61.38
24945.0,61.31
26695.0,67.69
28995.0,76.07
30750.0,78.4
32708.0,78.61
33802.0,79.51
34791.0,79.33
35746.0,78.68
36374.0,78.26
35781.0,78.18
34900.0,76.3
34667.0,75.58
34340.0,75.01
33784.0,77.35
33208.0,77.99
32965.0,78.88
33653.0,78.17
31653.0,75.81
29679.0,70.64
28826.0,71.11
26713.0,66.27
25396.0,63.6
24994.0,62.4
24818.0,62.44
25531.0,61.24
28322.0,61.15
33300.0,62.53
36659.0,66.38
37888.0,71.77
38686.0,70.32
38688.0,70.99
38082.0,69.72
38398.0,73.01
37405.0,73.46
37085.0,72.33
36894.0,69.8
36903.0,68.13
38582.0,74.72
39374.0,76.4
39478.0,80.22
38343.0,79.77
35348.0,77.25
31823.0,76.08
30624.0,70.86
28131.0,66.18
26720.0,64.37
26257.0,64.94
26106.0,64.98
26694.0,65.08
29564.0,64.67
34672.0,65.08
37633.0,65.82
39147.0,68.6
39780.0,67.85
39633.0,70.23
39159.0,71.3
38898.0,72.58
37509.0,72.86
36582.0,70.21
36145.0,71.1
36179.0,72.14
36830.0,70.26
38906.0,75.8
39084.0,79.88
38352.0,82.08
35900.0,81.64
33003.0,76.75
27788.0,76.88
25866.0,74.66
24595.0,71.45
24144.0,69.12
24096.0,68.31
24737.0,68.23
27565.0,73.11
31515.0,77.77
33938.0,80.61
34935.0,81.29
35175.0,80.57
35239.0,81.89
35028.0,82.37
34871.0,82.43
33899.0,81.36
33031.0,79.62
32616.0,78.67
32419.0,78.18
32340.0,80.05
34486.0,79.89
34979.0,80.25
34081.0,81.02
31995.0,79.16
29506.0,77.4
24618.0,74.1
22980.0,72.64
21850.0,69.43
21621.0,67.06
21550.0,66.98
22308.0,68.46
25263.0,72.17
29315.0,78.42
31698.0,81.35
33159.0,81.8
33851.0,81.51
34035.0,82.04
34085.0,82.03
33670.0,82.73
32610.0,82.32
31896.0,80.76
31381.0,80.2
31093.0,79.67
30613.0,80.71
30936.0,82.03
32422.0,82.74
34072.0,83.05
31489.0,81.18
28841.0,79.35
25313.0,74.96
24063.0,73.77
23208.0,71.96
22765.0,72.15
22670.0,72.03
23051.0,72.5
24999.0,75.45
27563.0,81.27
29845.0,83.72
31090.0,84.08
31455.0,84.19
31764.0,85.06
32217.0,85.15
32047.0,85.07
31155.0,84.63
30621.0,82.94
30344.0,82.43
30190.0,82.48
29685.0,83.44
29505.0,85.27
30274.0,86.7
31359.0,84.49
29551.0,81.35
26940.0,80.67
25504.0,75.03
24098.0,73.32
22917.0,70.06
22311.0,67.28
21977.0,64.74
21782.0,65.82
21734.0,72.17
22108.0,79.26
24150.0,81.85
26323.0,82.49
27679.0,81.72
28140.0,81.5
28408.0,79.57
28438.0,80.45
27602.0,78.56
26190.0,77.46
25491.0,76.66
25032.0,80.19
24871.0,80.63
25062.0,80.97
25706.0,81.52
26668.0,81.29
26567.0,78.01
24930.0,75.62
26254.0,70.7
24601.0,64.92
23578.0,62.2
23033.0,60.5
22870.0,59.92
23303.0,59.92
25561.0,71.48
28169.0,77.91
30862.0,81.41
33207.0,82.84
34947.0,81.72
35980.0,80.55
37040.0,78.48
37665.0,78.53
37055.0,77.37
36508.0,76.47
36361.0,76.72
36343.0,77.87
35739.0,77.36
34974.0,78.05
34236.0,79.22
33727.0,78.82
33031.0,76.36
30726.0,74.48
28771.0,73.1
27007.0,71.84
25696.0,69.22
25082.0,66.84
24707.0,65.37
24812.0,65.87
26374.0,68.46
28020.0,69.45
30086.0,70.65
32377.0,74.12
33609.0,74.59
34552.0,76.58
35351.0,76.5
36052.0,76.72
35675.0,76.63
34740.0,75.12
34294.0,74.76
33963.0,74.65
33316.0,75.38
32660.0,77.9
32090.0,82.5
32675.0,85.1
31715.0,84.38
29451.0,81.15
24291.0,78.88
22997.0,76.96
21833.0,76.28
21415.0,75.7
21009.0,75.48
20831.0,75.85
21047.0,75.8
21294.0,75.5
21473.0,75.95
23175.0,76.5
24638.0,76.73
25616.0,77.16
26239.0,77.0
26679.0,77.84
26736.0,77.93
25718.0,75.65
25026.0,73.85
24658.0,74.23
24659.0,74.47
24942.0,78.23
26530.0,83.49
28361.0,83.73
27259.0,78.92
25513.0,77.75
24682.0,74.18
23551.0,71.9
22800.0,69.19
22558.0,67.3
22548.0,67.52
22848.0,67.71
24896.0,75.21
28055.0,80.67
29359.0,82.96
30170.0,83.82
30620.0,83.08
30950.0,83.71
31137.0,83.69
31242.0,84.04
30449.0,83.62
29606.0,80.71
29332.0,80.27
29295.0,80.76
28889.0,83.24
29877.0,85.67
32020.0,88.36
31185.0,84.49
28374.0,79.52
25963.0,77.13
26988.0,72.93
25419.0,70.61
24266.0,67.96
23774.0,66.83
23849.0,64.5
24386.0,66.89
26777.0,72.3
30333.0,76.68
32222.0,79.94
33228.0,80.34
33716.0,80.2
33491.0,80.15
33461.0,80.66
33324.0,80.67
32381.0,80.78
31624.0,79.29
31245.0,79.49
31587.0,79.36
33608.0,80.37
34001.0,81.6
33905.0,85.84
33009.0,83.29
30869.0,80.46
28717.0,78.56
25030.0,74.67
23204.0,73.4
21933.0,72.61
21229.0,71.17
20928.0,71.34
20975.0,72.79
21306.0,77.03
22116.0,80.0
22798.0,82.02
24632.0,83.48
26343.0,82.95
26939.0,83.8
26719.0,84.43
27004.0,85.0
26961.0,84.03
25929.0,82.81
25271.0,82.58
25716.0,82.52
28110.0,83.07
29330.0,86.04
30626.0,86.87
30560.0,86.21
29309.0,82.08
27139.0,80.07
27069.0,76.27
25692.0,74.07
24679.0,72.8
24250.0,70.79
24089.0,70.91
24354.0,71.17
26304.0,75.1
29392.0,82.8
31119.0,86.28
32563.0,86.96
33541.0,86.26
34307.0,86.16
35196.0,84.79
35567.0,83.42
34743.0,82.67
34343.0,80.92
34414.0,80.7
34431.0,81.36
33843.0,83.1
33250.0,84.37
34010.0,85.23
34176.0,82.17
31216.0,78.58
28775.0,76.03
27319.0,73.55
25950.0,71.36
24949.0,67.02
24603.0,66.15
24333.0,66.64
24671.0,69.04
26691.0,75.04
29643.0,80.02
31117.0,85.39
32566.0,85.27
33649.0,84.53
34395.0,84.7
35271.0,84.66
35585.0,85.64
34693.0,84.14
33912.0,82.28
33615.0,81.8
33462.0,81.57
32750.0,81.26
32255.0,81.47
32894.0,81.54
32850.0,82.11
30181.0,78.74
28039.0,76.32
26866.0,74.6
25563.0,73.79
24335.0,72.02
23691.0,71.29
23123.0,71.29
22880.0,71.04
23240.0,72.01
24062.0,73.15
24844.0,72.14
27171.0,75.17
28697.0,76.12
29378.0,77.1
29663.0,77.12
29951.0,78.29
29430.0,77.01
28204.0,74.68
27598.0,73.34
27446.0,72.51
27201.0,73.95
27217.0,79.01
28443.0,82.76
29483.0,84.01
27755.0,79.58
26180.0,79.52
24626.0,77.86
23238.0,75.97
22120.0,75.56
21546.0,75.74
21153.0,74.65
21024.0,74.67
21292.0,75.1
21438.0,75.12
21608.0,75.45
23364.0,76.21
24898.0,75.74
25942.0,75.48
26552.0,75.1
27307.0,76.34
27437.0,76.52
26410.0,74.68
25809.0,72.93
25715.0,73.38
25646.0,68.8
25983.0,75.98
27979.0,81.77
29456.0,84.8
28060.0,82.42
26128.0,79.51
24630.0,71.81
23253.0,70.13
22419.0,69.39
22213.0,67.37
22229.0,66.82
22872.0,66.7
25402.0,73.51
29005.0,79.16
30512.0,81.31
31938.0,81.57
33097.0,80.54
33907.0,78.24
34833.0,78.33
35057.0,78.64
34366.0,77.68
33835.0,77.22
33624.0,77.2
33588.0,80.85
32944.0,83.07
32449.0,86.04
33752.0,87.14
33678.0,85.95
30519.0,80.92
27955.0,80.11
26517.0,75.06
25304.0,73.98
24508.0,72.66
24069.0,72.05
23924.0,72.11
24261.0,72.95
26331.0,76.71
29636.0,77.91
31099.0,80.95
32363.0,81.49
33329.0,81.63
33938.0,82.89
34863.0,83.62
35192.0,83.78
34297.0,82.73
33861.0,81.15
33788.0,81.28
33826.0,81.47
33169.0,80.53
32682.0,83.5
33953.0,87.36
33833.0,87.36
30588.0,83.71
28012.0,80.92
26667.0,78.99
25259.0,77.93
24494.0,76.57
24059.0,75.43
23957.0,74.94
24394.0,75.11
26533.0,77.98
29788.0,79.78
31217.0,85.29
32535.0,85.98
33439.0,84.01
34193.0,82.25
35087.0,82.84
35485.0,83.27
34784.0,82.19
34516.0,80.92
34490.0,80.92
34432.0,81.19
33749.0,80.23
33080.0,81.59
34403.0,85.54
34316.0,85.32
31075.0,81.04
28561.0,81.13
27072.0,77.5
25676.0,76.66
24722.0,75.16
24270.0,74.31
24035.0,73.83
24287.0,74.82
26362.0,77.53
29722.0,79.09
31077.0,81.41
32484.0,81.89
33383.0,81.02
34196.0,80.99
35338.0,81.46
35680.0,81.66
35097.0,79.71
34782.0,78.65
34959.0,78.34
34951.0,79.11
34308.0,81.92
33864.0,86.49
35080.0,86.11
34553.0,83.71
31275.0,78.09
28686.0,79.18
27381.0,75.3
25945.0,73.77
24881.0,72.56
24506.0,72.14
24180.0,71.5
24481.0,71.88
26540.0,75.2
29912.0,75.15
31337.0,78.78
32670.0,81.97
33608.0,82.11
34547.0,82.93
35474.0,83.55
35884.0,83.89
35137.0,81.52
34592.0,80.02
34397.0,79.8
34150.0,79.39
33355.0,77.75
32958.0,80.51
33717.0,84.09
33298.0,84.1
30592.0,78.29
28374.0,79.27
27294.0,77.61
25891.0,76.6
24597.0,75.51
24068.0,75.15
23592.0,74.63
23304.0,74.59
23620.0,75.37
24639.0,75.42
25428.0,76.24
27659.0,79.39
29302.0,78.97
30123.0,78.58
30733.0,77.38
31275.0,77.22
30912.0,75.37
29911.0,72.44
29283.0,72.04
28985.0,71.99
28819.0,79.19
28837.0,83.34
30192.0,85.16
30599.0,84.73
28612.0,81.67
26959.0,76.39
25445.0,75.95
23993.0,74.18
22892.0,74.19
22066.0,75.29
21572.0,74.81
21559.0,74.76
21751.0,75.19
22103.0,75.39
22258.0,76.29
23916.0,77.36
25377.0,76.77
26518.0,76.75
27448.0,76.74
28223.0,77.23
28539.0,77.65
27756.0,75.79
27301.0,73.55
27066.0,70.89
27060.0,65.22
27370.0,67.43
29614.0,78.9
30438.0,83.53
29138.0,81.1
27360.0,72.67
25439.0,62.32
24101.0,60.57
23144.0,53.61
22794.0,54.27
22734.0,54.04
23349.0,56.07
25644.0,65.86
29234.0,76.78
30756.0,79.12
32325.0,79.3
33268.0,79.71
33995.0,79.45
34899.0,78.42
35310.0,78.64
34909.0,76.84
34547.0,75.27
34484.0,74.86
34372.0,76.21
33608.0,79.57
33283.0,80.47
34627.0,82.64
34158.0,80.03
31081.0,76.57
28558.0,75.31
27169.0,60.32
25776.0,57.39
24959.0,55.72
24492.0,55.91
24243.0,56.54
24641.0,58.91
26649.0,69.79
30096.0,80.18
31438.0,82.39
32501.0,82.75
33083.0,82.21
33702.0,78.44
34514.0,79.33
34880.0,80.44
34305.0,80.8
34032.0,79.47
34009.0,78.54
33989.0,78.63
33335.0,82.45
33083.0,83.65
34448.0,87.24
33930.0,81.72
30789.0,76.72
28279.0,76.05
26970.0,68.05
25675.0,67.02
24771.0,63.77
24242.0,63.42
24167.0,63.22
24626.0,63.66
26511.0,73.75
30040.0,78.96
31478.0,80.75
32465.0,80.24
33187.0,80.08
33823.0,79.06
34468.0,79.64
34629.0,80.25
33725.0,80.3
33422.0,79.38
33433.0,79.21
33349.0,79.32
32639.0,80.87
32386.0,82.96
33923.0,85.41
33283.0,82.83
30275.0,79.91
27827.0,79.42
26632.0,73.07
25370.0,70.37
24320.0,67.41
24093.0,67.24
23971.0,66.73
24255.0,67.13
26235.0,75.62
29583.0,78.5
31025.0,83.41
32044.0,81.31
32601.0,81.14
33082.0,81.14
33762.0,81.61
33942.0,82.24
33163.0,81.64
33044.0,80.52
33001.0,80.56
32966.0,80.79
32365.0,80.25
32101.0,85.77
33649.0,87.39
33091.0,86.29
30090.0,80.7
27638.0,80.25
26715.0,78.94
25423.0,77.71
24354.0,76.67
24079.0,76.84
23967.0,76.72
24308.0,76.8
26224.0,78.86
29584.0,81.93
30625.0,85.86
31664.0,85.88
32328.0,85.43
32974.0,83.66
33723.0,84.46
34011.0,84.84
33140.0,82.89
32534.0,82.35
32284.0,81.21
32117.0,80.78
31475.0,80.46
31234.0,80.17
32688.0,82.99
32057.0,83.11
29271.0,80.34
27147.0,77.6
26142.0,74.46
24773.0,68.72
23682.0,66.86
23134.0,66.78
22701.0,65.07
22521.0,64.67
22900.0,67.44
23853.0,71.4
24636.0,69.26
26772.0,77.82
28071.0,78.17
28718.0,78.39
29140.0,78.79
29616.0,79.64
29094.0,78.65
27973.0,76.29
27239.0,73.98
26934.0,73.01
26787.0,74.63
26922.0,81.81
28754.0,83.8
28919.0,82.77
26994.0,81.28
25370.0,78.95
23969.0,77.29
22628.0,77.23
21616.0,73.64
21157.0,71.2
20684.0,69.52
20605.0,68.94
20917.0,70.65
21460.0,73.75
21517.0,74.18
23211.0,78.4
24601.0,77.72
25430.0,76.1
25976.0,77.67
26613.0,78.92
26635.0,78.15
25598.0,71.95
24906.0,67.12
24704.0,66.59
24673.0,69.79
25310.0,78.88
27942.0,80.19
28267.0,80.15
26944.0,75.59
25178.0,66.9
29001.0,64.64
26734.0,61.11
25441.0,56.85
25031.0,53.87
24906.0,54.86
25566.0,56.97
28072.0,73.95
32993.0,80.36
36223.0,82.43
37292.0,82.44
37901.0,80.19
37660.0,78.81
37320.0,76.64
37213.0,73.31
36069.0,68.42
35451.0,66.5
35102.0,64.82
35390.0,67.25
37007.0,76.22
38068.0,82.83
38346.0,83.36
37441.0,77.49
34576.0,72.95
31258.0,67.31
30687.0,63.8
28344.0,61.39
26614.0,56.48
25640.0,54.46
25123.0,54.53
25066.0,56.29
25726.0,64.15
27202.0,77.67
28896.0,80.04
32117.0,80.58
34480.0,79.56
34755.0,76.87
34022.0,77.95
33865.0,76.7
33037.0,72.92
31838.0,71.32
30818.0,70.94
30532.0,72.79
31179.0,79.81
33745.0,86.13
34558.0,87.21
34542.0,81.22
33236.0,76.75
31007.0,71.73
27794.0,65.6
25671.0,63.22
24249.0,61.49
23610.0,60.86
23148.0,60.71
22942.0,60.77
23531.0,65.35
24479.0,79.94
26155.0,83.33
29019.0,84.23
30529.0,82.82
31035.0,82.57
30721.0,81.34
30660.0,81.66
29830.0,80.74
28324.0,79.76
27375.0,78.7
27125.0,79.54
27347.0,81.94
29593.0,88.39
30833.0,89.53
30591.0,84.35
29245.0,80.32
27271.0,76.38
26628.0,68.39
24806.0,65.37
23770.0,64.96
23447.0,64.41
23391.0,64.71
24018.0,65.99
26748.0,78.36
30704.0,86.17
33277.0,88.4
34668.0,89.81
35237.0,86.62
35667.0,85.48
35805.0,83.28
35524.0,83.49
34515.0,80.15
33918.0,79.59
33623.0,79.06
33329.0,84.82
32944.0,87.85
33263.0,88.49
34339.0,91.93
35302.0,88.09
32412.0,81.08
29877.0,76.09
25475.0,74.79
24007.0,72.69
23297.0,67.45
22942.0,65.99
22853.0,65.57
23232.0,64.28
25232.0,75.15
27713.0,81.94
29816.0,84.44
30992.0,84.38
31247.0,81.24
31488.0,80.79
31911.0,80.47
31803.0,80.85
30850.0,79.02
30319.0,75.32
30106.0,74.39
30031.0,80.17
29562.0,83.73
29379.0,85.3
29826.0,85.43
30918.0,82.12
29344.0,79.07
27229.0,73.6
23487.0,78.17
22016.0,77.82
21014.0,76.62
20496.0,74.43
19989.0,72.84
19840.0,69.31
19811.0,67.99
19657.0,70.14
20771.0,72.38
22558.0,78.24
24064.0,78.72
24949.0,78.44
25251.0,76.98
25620.0,75.23
25531.0,68.37
24334.0,63.6
23530.0,61.57
23269.0,65.46
23429.0,75.74
23905.0,80.25
24708.0,84.02
26167.0,75.71
26866.0,68.4
25147.0,67.73
29100.0,62.34
27374.0,59.1
26016.0,57.56
25393.0,55.52
24985.0,51.71
25190.0,51.74
26834.0,55.23
29206.0,59.8
31578.0,59.49
33918.0,61.7
35217.0,60.35
36003.0,61.62
37023.0,60.52
37544.0,57.82
37170.0,56.63
36525.0,55.87
36488.0,56.52
36300.0,61.25
35715.0,68.46
35219.0,78.23
34569.0,83.01
33871.0,77.71
33154.0,74.94
30697.0,69.82
27744.0,60.92
25993.0,58.62
24884.0,55.54
24230.0,54.29
23777.0,54.6
23999.0,57.6
25327.0,67.52
26847.0,77.48
28873.0,79.33
30924.0,78.84
32226.0,78.23
33131.0,78.89
34089.0,77.33
34691.0,77.63
34293.0,76.68
33486.0,76.09
33093.0,76.2
32997.0,79.72
32606.0,80.37
32108.0,81.81
31476.0,84.93
32068.0,84.17
31004.0,79.19
28998.0,76.4
23957.0,71.28
22790.0,65.6
21982.0,63.9
21566.0,63.11
21466.0,62.52
22004.0,63.67
24322.0,76.92
27157.0,77.79
28893.0,78.85
30475.0,79.37
31312.0,79.76
31955.0,77.84
32604.0,77.3
33028.0,76.17
32465.0,72.9
31857.0,72.46
31750.0,76.08
31557.0,79.36
31041.0,77.72
30686.0,81.55
31473.0,84.42
32137.0,84.16
29434.0,74.74
27106.0,67.87
24561.0,65.15
23408.0,62.35
22709.0,60.92
22359.0,59.93
22230.0,60.38
22720.0,60.01
25137.0,74.54
28587.0,79.2
30250.0,82.13
31104.0,82.15
31601.0,82.84
31957.0,80.21
32345.0,78.47
32208.0,75.22
31191.0,71.1
30472.0,66.85
30264.0,66.33
30142.0,74.72
29695.0,75.91
30520.0,79.49
32755.0,80.83
31568.0,78.51
28711.0,70.21
26340.0,65.47
26920.0,59.92
25124.0,57.01
23924.0,53.42
23113.0,53.07
22757.0,52.84
22794.0,54.45
23282.0,60.79
24315.0,74.3
25782.0,78.11
28152.0,78.86
29725.0,78.32
29882.0,77.34
29600.0,76.18
29818.0,73.31
29244.0,68.52
27992.0,67.42
27102.0,70.17
27192.0,78.21
29086.0,79.57
29838.0,81.93
30010.0,83.03
29958.0,79.73
28611.0,75.66
26716.0,70.07
24844.0,61.02
23201.0,58.6
22324.0,56.1
21937.0,54.82
21917.0,54.53
22698.0,54.58
25804.0,60.89
30672.0,68.98
33475.0,72.24
34457.0,73.85
34678.0,73.27
34455.0,71.42
34017.0,69.58
33935.0,63.12
32913.0,62.28
32472.0,60.42
32339.0,62.05
33164.0,71.79
35026.0,72.93
35527.0,76.6
35791.0,79.25
34920.0,76.56
32121.0,72.79
28967.0,66.5
23262.0,67.76
22037.0,61.1
21005.0,58.53
20641.0,58.82
20388.0,58.64
20493.0,58.22
21227.0,59.89
22369.0,63.1
23082.0,67.73
24993.0,70.76
26595.0,70.24
27140.0,66.77
27499.0,64.81
27867.0,64.63
27531.0,63.59
26366.0,60.66
25644.0,61.27
25153.0,65.24
24993.0,69.4
25835.0,78.45
27790.0,82.49
27650.0,79.91
25829.0,74.79
24342.0,73.75
23238.0,59.0
21961.0,57.04
20903.0,55.78
20285.0,54.06
19912.0,53.48
19951.0,47.62
20325.0,44.68
20749.0,47.18
21077.0,48.11
22536.0,58.75
24144.0,57.96
25169.0,57.0
25642.0,58.02
26048.0,60.69
25591.0,61.32
24174.0,58.82
23349.0,57.07
23213.0,60.65
23462.0,61.15
24862.0,73.77
27252.0,80.63
27392.0,78.13
25904.0,76.61
24330.0,71.68
22651.0,55.37
21443.0,44.64
20878.0,40.98
20618.0,40.81
20630.0,37.76
21259.0,46.69
23784.0,55.35
27551.0,60.86
29451.0,69.13
30016.0,70.43
30607.0,71.69
30931.0,71.82
31337.0,75.24
31293.0,75.73
30361.0,74.92
29781.0,75.52
29622.0,76.84
29484.0,78.68
29323.0,80.09
30397.0,80.52
32501.0,86.45
31417.0,83.34
28619.0,75.01
26287.0,73.76
24780.0,73.64
23466.0,73.21
22660.0,72.27
22427.0,71.0
22445.0,68.93
22888.0,69.51
24869.0,77.46
28503.0,80.6
30376.0,82.65
30949.0,82.93
31433.0,82.83
31684.0,82.94
32065.0,81.56
31912.0,81.92
30875.0,77.09
30170.0,77.15
29974.0,78.83
29859.0,82.13
29437.0,82.42
30475.0,82.68
32724.0,85.59
31691.0,83.47
28684.0,80.28
26392.0,74.78
25002.0,73.03
23867.0,73.16
23002.0,72.76
22669.0,70.89
22532.0,68.93
22981.0,68.16
25076.0,76.61
28844.0,80.12
30722.0,82.26
31257.0,82.45
31572.0,82.46
31879.0,81.21
32194.0,80.89
32066.0,80.65
31103.0,78.07
30607.0,76.88
30424.0,78.08
30320.0,78.43
29850.0,78.05
31098.0,81.44
33162.0,83.54
31945.0,83.06
28876.0,75.22
26545.0,68.39
25218.0,69.23
23858.0,64.72
23071.0,61.29
22760.0,59.88
22681.0,58.05
23130.0,57.38
25332.0,65.93
28848.0,75.17
30823.0,77.25
31429.0,77.52
31799.0,77.72
32133.0,77.46
32345.0,76.24
32149.0,74.83
30995.0,70.13
30249.0,67.78
29928.0,67.62
30087.0,75.74
29671.0,75.57
31002.0,79.01
32756.0,81.54
31690.0,72.1
28782.0,68.55
26459.0,64.81
25050.0,57.97
23821.0,56.03
22957.0,54.1
22735.0,53.77
22678.0,54.1
22847.0,56.71
24796.0,62.88
28418.0,72.99
30446.0,75.39
31242.0,76.09
31758.0,76.36
32073.0,76.62
32320.0,76.14
31919.0,70.16
30860.0,67.61
30201.0,67.38
29656.0,67.94
29516.0,74.44
29190.0,74.24
30397.0,76.81
31853.0,79.84
30898.0,75.49
28368.0,67.97
26331.0,64.84
24963.0,69.01
23395.0,61.06
22347.0,56.79
21799.0,56.63
21428.0,56.81
21195.0,55.52
21648.0,57.49
22909.0,60.9
24098.0,65.13
26121.0,71.78
27566.0,71.17
28001.0,68.14
28321.0,65.66
28378.0,63.52
27645.0,61.29
26283.0,58.58
25286.0,60.36
24867.0,66.14
24877.0,72.8
26456.0,75.06
28237.0,77.32
28003.0,70.42
26245.0,66.08
24495.0,66.45
22910.0,59.63
21567.0,58.21
20497.0,55.66
19934.0,54.75
19685.0,54.83
19740.0,55.23
20021.0,57.19
20634.0,61.5
21157.0,63.96
22546.0,66.32
24356.0,65.45
25294.0,65.53
25513.0,65.77
26015.0,70.74
25760.0,71.58
24456.0,64.63
23490.0,62.74
23179.0,65.22
23209.0,74.53
25162.0,79.11
27625.0,78.95
27498.0,77.12
25994.0,75.04
24490.0,70.49
22876.0,64.6
21577.0,60.55
20937.0,58.81
20724.0,58.66
20673.0,58.46
21339.0,58.76
23925.0,66.0
27651.0,74.97
29922.0,77.96
30642.0,77.7
31164.0,76.7
31386.0,76.36
31642.0,74.3
31648.0,68.43
30765.0,65.04
30148.0,63.61
29673.0,63.34
29480.0,72.14
29143.0,73.51
30850.0,75.97
32699.0,78.34
31649.0,73.71
28733.0,66.03
26165.0,60.88
24540.0,57.24
23265.0,56.55
22469.0,55.03
22257.0,52.02
22156.0,52.35
22609.0,53.12
24810.0,58.64
28523.0,71.83
30589.0,74.87
31029.0,75.05
31407.0,75.65
31735.0,75.82
31935.0,74.39
31846.0,70.89
30908.0,66.77
30380.0,64.38
30057.0,64.21
29835.0,69.5
29423.0,76.85
31075.0,79.1
32790.0,81.29
31700.0,77.03
28923.0,73.43
26439.0,65.23
24961.0,61.73
23593.0,60.6
22766.0,58.17
22510.0,58.13
22408.0,57.03
22761.0,57.6
24812.0,62.67
28444.0,73.84
30409.0,77.91
30820.0,78.07
31366.0,78.07
31602.0,77.23
31580.0,76.37
31540.0,75.86
30643.0,72.9
30097.0,69.3
29838.0,69.79
29645.0,72.85
29358.0,73.96
30882.0,77.96
32827.0,80.29
31672.0,78.41
28601.0,73.75
26194.0,71.53
24638.0,67.82
23402.0,67.65
22613.0,62.57
22303.0,62.42
22281.0,62.42
22683.0,64.4
24716.0,71.86
28397.0,75.87
30508.0,79.04
30918.0,79.87
31395.0,79.67
31501.0,79.71
31814.0,79.32
31756.0,79.47
30798.0,78.46
30296.0,74.82
29983.0,74.71
29756.0,78.69
29385.0,79.53
31025.0,81.66
32625.0,84.03
31575.0,81.69
28622.0,76.87
26338.0,74.42
24886.0,75.09
23654.0,73.34
22803.0,72.28
22524.0,70.2
22436.0,68.59
22817.0,68.44
24817.0,74.29
28643.0,79.16
30539.0,81.9
30980.0,82.31
31445.0,83.08
31781.0,83.56
32054.0,83.25
31922.0,79.61
30884.0,75.45
30193.0,73.99
29730.0,72.54
29545.0,74.32
29479.0,74.9
31137.0,77.18
32202.0,79.06
31147.0,73.45
28503.0,71.34
26397.0,69.47
25102.0,71.06
23673.0,67.68
22481.0,64.53
21918.0,59.15
21476.0,57.92
21277.0,57.57
21837.0,59.69
23140.0,60.29
24618.0,61.05
26291.0,70.54
27925.0,74.96
28328.0,74.91
28481.0,71.39
28600.0,71.33
27782.0,66.3
26549.0,59.56
25676.0,59.17
25361.0,58.61
25603.0,59.5
27274.0,68.48
28649.0,76.34
28415.0,75.25
26529.0,72.6
24845.0,65.98
23114.0,68.15
21573.0,59.71
20546.0,58.28
19965.0,56.33
19691.0,52.22
19599.0,50.83
19590.0,51.77
20112.0,53.66
20615.0,53.79
22003.0,56.97
24192.0,59.37
25523.0,59.23
26028.0,56.92
26232.0,59.86
26832.0,58.6
26579.0,57.09
25248.0,56.46
24613.0,54.31
24575.0,61.22
26517.0,71.58
28268.0,75.44
29017.0,76.0
28600.0,76.31
27235.0,72.77
25031.0,64.76
23541.0,57.0
22371.0,53.15
21506.0,47.28
21265.0,42.05
21140.0,43.13
21948.0,56.33
24931.0,63.69
28781.0,69.34
31412.0,74.5
32914.0,74.67
33661.0,72.82
33975.0,69.64
34176.0,67.29
33961.0,70.04
33048.0,62.93
32558.0,62.13
32271.0,63.66
32282.0,72.66
33872.0,76.48
35131.0,81.3
35278.0,82.67
33936.0,79.87
31008.0,73.84
28112.0,70.15
26052.0,57.85
24492.0,56.43
23648.0,56.44
23310.0,55.37
23215.0,55.97
23911.0,58.7
26682.0,62.78
30532.0,71.07
32861.0,75.64
33697.0,76.65
34094.0,76.32
34350.0,76.7
34270.0,77.67
34200.0,76.18
33456.0,74.49
33092.0,72.85
32980.0,72.94
33329.0,75.35
34718.0,76.63
35789.0,80.2
35945.0,82.07
34729.0,80.63
31800.0,75.34
28793.0,71.07
26566.0,68.52
24880.0,63.27
23941.0,62.07
23600.0,58.41
23544.0,57.68
24085.0,60.22
26384.0,72.48
30060.0,73.86
32454.0,77.76
33604.0,78.71
34296.0,78.93
34398.0,77.91
34366.0,78.1
34363.0,78.27
33430.0,76.5
33102.0,75.88
32815.0,76.56
32802.0,78.02
33925.0,81.45
34202.0,82.95
34131.0,84.45
33050.0,86.8
30834.0,72.96
28361.0,73.79
28830.0,74.53
26646.0,72.07
25233.0,70.35
24749.0,69.63
24751.0,65.66
25463.0,63.24
28169.0,62.92
32866.0,63.12
36037.0,63.78
36999.0,68.34
37470.0,69.29
37359.0,68.86
36964.0,67.9
36807.0,67.86
35636.0,63.35
35082.0,60.05
34864.0,60.09
35250.0,67.57
37024.0,77.0
38201.0,77.18
38496.0,76.78
37722.0,75.52
35030.0,72.32
31666.0,64.58
28542.0,61.77
26157.0,58.95
24391.0,54.52
23370.0,54.13
22974.0,53.47
22923.0,56.23
23390.0,65.06
24138.0,71.04
24832.0,73.54
27303.0,74.52
29408.0,75.17
30204.0,74.59
29838.0,72.96
30014.0,71.47
29814.0,68.76
28485.0,70.49
27806.0,70.71
27538.0,72.91
28800.0,78.36
31815.0,79.61
33319.0,78.33
33586.0,73.2
32515.0,72.49
29957.0,71.46
25428.0,68.15
23640.0,59.6
22486.0,57.93
21697.0,55.34
21240.0,53.68
21356.0,55.68
21715.0,57.25
21857.0,59.79
22908.0,65.23
25214.0,68.58
27004.0,68.07
27847.0,70.39
27909.0,70.82
28381.0,71.0
28031.0,69.74
26685.0,66.57
25753.0,65.33
25732.0,73.82
26215.0,81.58
29062.0,81.78
31250.0,79.27
31396.0,77.07
30295.0,73.13
27751.0,72.88
27429.0,72.54
25658.0,69.56
24471.0,66.76
23965.0,61.37
23894.0,58.69
24493.0,58.7
27048.0,58.93
31216.0,59.17
33934.0,59.99
35393.0,63.82
35849.0,66.51
35584.0,66.69
35720.0,63.8
35336.0,61.42
34227.0,60.09
33620.0,57.84
33282.0,57.69
32932.0,67.35
32519.0,72.57
32793.0,73.76
34344.0,69.74
35445.0,69.0
32518.0,64.3
29980.0,59.82
25577.0,55.33
24037.0,49.88
23132.0,48.06
22736.0,45.87
22629.0,44.66
23013.0,50.2
25034.0,59.73
27501.0,71.46
29657.0,73.78
31085.0,74.57
31588.0,73.69
31925.0,73.04
32231.0,71.03
32078.0,72.38
31050.0,71.21
30295.0,70.03
29920.0,69.29
29745.0,72.73
29282.0,76.7
28959.0,78.69
29172.0,75.37
30350.0,70.1
29071.0,67.06
26979.0,60.05
23366.0,54.24
21979.0,50.51
21092.0,48.1
20860.0,47.03
20942.0,46.06
21494.0,51.1
23772.0,56.23
26655.0,67.45
29073.0,72.11
30517.0,72.48
31229.0,69.96
31896.0,68.45
32249.0,65.67
32175.0,67.25
31266.0,68.36
30684.0,68.98
30403.0,70.48
30445.0,73.34
29822.0,77.24
29694.0,78.44
29992.0,73.31
30419.0,66.54
29450.0,60.68
26998.0,57.76
29111.0,49.52
27364.0,47.85
26083.0,45.61
25562.0,44.76
25216.0,43.53
25471.0,48.17
27062.0,55.29
29448.0,65.56
31759.0,68.81
34042.0,67.37
35443.0,66.03
36179.0,65.53
37273.0,64.5
37542.0,66.74
36889.0,67.44
36131.0,70.08
35948.0,72.49
35751.0,75.69
34994.0,80.5
34307.0,79.63
33774.0,80.35
33286.0,79.66
32449.0,74.32
30186.0,72.55
27447.0,67.53
25972.0,65.31
24738.0,58.51
23960.0,55.84
23329.0,54.03
23135.0,53.88
23333.0,60.56
23474.0,69.62
24803.0,72.75
27012.0,72.9
28746.0,71.95
29747.0,70.35
30608.0,69.49
31266.0,68.65
31304.0,66.98
30673.0,67.56
30164.0,68.54
29722.0,70.87
29602.0,74.81
29336.0,76.21
29473.0,74.62
30529.0,69.64
29873.0,64.5
28098.0,60.06
25789.0,56.1
24457.0,54.49
23568.0,51.59
23191.0,51.94
22932.0,51.88
23230.0,55.43
24750.0,66.6
27292.0,70.69
28402.0,73.65
29852.0,73.59
30828.0,72.24
31642.0,70.32
32488.0,68.59
32952.0,67.44
32326.0,65.31
31721.0,64.8
31598.0,66.35
31494.0,69.51
30950.0,74.17
30708.0,73.52
31816.0,68.3
32479.0,63.69
29880.0,61.31
27483.0,58.13
24978.0,53.73
23732.0,48.82
22989.0,45.31
22614.0,44.4
22544.0,43.72
23043.0,44.21
25107.0,47.02
28403.0,50.21
30168.0,53.31
30884.0,56.57
31432.0,58.79
31793.0,60.3
32235.0,61.53
32168.0,62.0
31138.0,60.42
30495.0,59.94
30233.0,58.55
30005.0,64.32
29438.0,73.75
29989.0,73.18
31788.0,68.26
30847.0,67.17
28086.0,61.29
25972.0,59.36
24688.0,58.68
22935.0,52.36
21844.0,48.3
21044.0,43.24
20723.0,40.89
20788.0,41.9
21136.0,40.29
21474.0,46.9
22154.0,50.89
24239.0,53.34
25997.0,56.03
26512.0,61.51
26446.0,65.67
26888.0,67.28
26739.0,64.75
25540.0,60.75
24815.0,60.8
24941.0,66.61
27147.0,73.49
28672.0,74.66
29547.0,75.79
29529.0,75.99
28381.0,73.57
26350.0,71.36
27094.0,59.32
25213.0,54.19
24014.0,51.8
23604.0,51.56
23519.0,51.87
24182.0,53.78
26884.0,68.55
31576.0,72.72
34372.0,73.31
35075.0,74.06
35218.0,73.35
35061.0,73.48
34725.0,72.4
34552.0,72.16
33561.0,71.95
33386.0,72.53
33334.0,73.48
34162.0,78.4
35889.0,81.25
36295.0,81.59
36353.0,76.96
35476.0,75.92
32710.0,71.61
29497.0,64.88
26186.0,66.66
24407.0,63.57
23344.0,60.37
23016.0,57.95
22948.0,57.16
23548.0,56.35
25983.0,66.52
29991.0,71.01
32068.0,74.16
33006.0,74.44
33311.0,72.31
33207.0,72.74
33160.0,70.83
33032.0,71.45
32061.0,71.59
31511.0,72.99
31248.0,73.61
31656.0,74.82
33649.0,78.17
34538.0,78.37
34777.0,78.95
33463.0,73.23
30849.0,70.51
28019.0,63.18
26117.0,63.16
24435.0,57.95
23467.0,54.7
23120.0,52.5
23042.0,52.62
23711.0,53.67
26196.0,63.12
30035.0,70.03
32063.0,72.4
32960.0,72.51
33225.0,71.62
33260.0,70.0
33299.0,67.37
33179.0,68.64
32172.0,70.36
31693.0,72.59
31380.0,73.05
31664.0,73.86
33438.0,76.17
34092.0,76.43
34270.0,74.7
33133.0,69.12
30453.0,64.76
27708.0,62.24
25900.0,60.36
24272.0,55.58
23286.0,54.71
22953.0,53.79
22911.0,54.41
23604.0,56.94
26178.0,68.59
29926.0,70.25
31718.0,72.76
32670.0,72.98
33228.0,73.55
33271.0,73.08
33383.0,71.79
33176.0,72.53
32148.0,73.09
31717.0,73.68
31567.0,73.73
31969.0,74.91
33669.0,77.64
34310.0,78.41
34259.0,77.29
32939.0,74.32
30433.0,72.48
27866.0,68.41
26016.0,65.96
24404.0,59.8
23358.0,57.59
22960.0,55.71
22982.0,55.43
23532.0,59.71
26108.0,68.47
29921.0,71.08
31866.0,73.66
32854.0,74.32
33276.0,74.29
33289.0,73.92
33257.0,72.92
32949.0,71.81
31998.0,71.76
31273.0,72.6
30847.0,73.14
31118.0,73.92
32775.0,76.02
33242.0,76.51
33216.0,74.27
31923.0,70.62
29806.0,67.54
27569.0,64.98
25937.0,68.95
24397.0,65.1
23080.0,60.71
22437.0,58.22
22104.0,55.18
22093.0,59.6
22639.0,60.08
23715.0,63.05
25125.0,66.08
27428.0,70.39
28889.0,70.09
29043.0,66.34
28886.0,63.47
28855.0,64.57
28263.0,65.68
27212.0,64.03
26411.0,65.82
26772.0,70.67
28662.0,75.27
29320.0,75.46
29312.0,70.47
28929.0,69.37
27546.0,64.43
25827.0,62.41
24070.0,61.75
22387.0,56.23
21197.0,55.33
20555.0,53.74
20214.0,53.18
20264.0,55.37
20547.0,53.41
21114.0,55.12
21738.0,57.72
23788.0,60.87
25899.0,63.56
26708.0,64.14
27131.0,65.15
27934.0,64.55
27806.0,64.89
26401.0,60.04
25479.0,59.18
25694.0,65.55
27770.0,74.11
28672.0,75.39
29621.0,74.96
29513.0,72.37
28085.0,71.22
25827.0,68.51
23691.0,69.85
22357.0,66.35
21526.0,64.5
21335.0,61.11
21449.0,59.32
22246.0,65.49
25342.0,72.98
29584.0,73.88
31976.0,76.18
33210.0,76.74
33871.0,77.42
34018.0,76.76
33997.0,77.33
33887.0,77.14
32924.0,76.0
32504.0,75.09
32148.0,75.13
32551.0,75.37
34134.0,78.36
34665.0,79.33
34975.0,79.35
33734.0,77.13
30904.0,75.32
27955.0,72.89
26023.0,67.54
24394.0,62.94
23399.0,58.57
23045.0,54.89
23056.0,55.27
23737.0,59.28
26251.0,64.34
30510.0,70.38
32806.0,73.12
33930.0,73.31
34512.0,72.9
34692.0,72.33
34935.0,71.04
34857.0,70.02
33646.0,67.37
32973.0,67.93
32757.0,67.93
33274.0,69.93
35049.0,74.14
35614.0,74.6
35967.0,75.67
34685.0,74.64
31881.0,71.79
28833.0,69.51
26735.0,63.04
25110.0,60.23
24150.0,59.24
23644.0,57.88
23482.0,57.48
24088.0,59.18
26628.0,63.08
30803.0,69.7
33309.0,72.71
34279.0,72.88
34843.0,72.87
34891.0,72.85
34845.0,71.83
34528.0,71.1
33408.0,68.86
32739.0,69.56
32395.0,71.15
32955.0,73.59
34996.0,76.06
35509.0,76.54
35911.0,77.45
34729.0,76.36
31966.0,73.29
28905.0,72.42
26761.0,63.43
24888.0,60.76
23863.0,59.09
23496.0,57.88
23374.0,57.84
24108.0,59.44
26755.0,63.45
31012.0,70.75
33263.0,73.71
34179.0,74.64
34783.0,74.28
34776.0,73.75
34795.0,73.43
34757.0,73.44
33773.0,73.22
33398.0,73.26
33291.0,74.1
33774.0,75.43
35411.0,77.68
35944.0,78.19
36022.0,78.2
34825.0,77.83
32249.0,73.91
29316.0,72.1
27247.0,69.67
25353.0,66.66
24058.0,63.62
23645.0,62.16
23622.0,62.08
24310.0,64.93
26793.0,71.24
31151.0,72.9
33392.0,75.11
34588.0,75.96
35171.0,75.91
35179.0,74.83
34984.0,75.61
34733.0,73.96
33455.0,72.53
32637.0,69.87
32181.0,69.88
32477.0,72.95
34428.0,76.17
34831.0,76.57
34821.0,76.09
33827.0,74.7
31689.0,72.42
29223.0,69.53
27189.0,67.37
25197.0,65.39
23798.0,63.55
23031.0,59.46
22603.0,57.59
22529.0,59.41
23137.0,61.29
24670.0,65.06
26313.0,69.25
29122.0,72.81
30824.0,73.81
31004.0,72.4
30505.0,70.45
30573.0,68.94
29942.0,66.36
28660.0,62.54
27917.0,62.06
28429.0,63.38
30591.0,72.34
31104.0,73.46
31500.0,72.11
30892.0,68.53
29509.0,65.88
27654.0,60.35
25598.0,58.77
23707.0,56.2
22369.0,54.82
21539.0,53.02
21091.0,53.06
21101.0,52.94
21599.0,53.98
22416.0,57.24
22905.0,59.46
25095.0,64.1
27280.0,65.82
28201.0,67.14
28223.0,69.87
28680.0,67.84
28455.0,63.11
27137.0,62.95
26452.0,65.9
26990.0,71.94
29218.0,75.32
30368.0,75.65
31182.0,75.23
31059.0,70.62
29672.0,66.96
27464.0,62.39
25151.0,56.73
23444.0,53.46
22201.0,51.92
21750.0,50.13
21918.0,47.05
22855.0,50.8
26127.0,54.23
30664.0,58.32
33511.0,65.7
34896.0,69.0
35533.0,69.32
35482.0,66.53
35078.0,64.09
34948.0,63.51
33380.0,63.05
33358.0,64.13
32934.0,67.49
33473.0,71.07
35410.0,74.52
36108.0,75.45
36550.0,75.97
35440.0,75.87
32629.0,72.19
29353.0,66.98
27137.0,64.81
25346.0,61.75
24202.0,59.5
23659.0,54.6
23656.0,55.04
24337.0,59.07
27062.0,66.85
31591.0,70.64
34224.0,73.06
35361.0,73.61
35795.0,73.72
35533.0,73.18
35198.0,73.02
34718.0,72.92
33702.0,72.26
33262.0,72.44
32901.0,73.02
33465.0,73.9
35536.0,76.74
36473.0,77.83
36732.0,77.01
35542.0,73.86
32872.0,68.18
29737.0,63.8
27338.0,61.57
25444.0,55.24
24283.0,52.98
23897.0,51.7
23816.0,51.34
24510.0,52.38
27245.0,62.3
32072.0,70.57
34684.0,73.58
35360.0,72.53
35444.0,72.1
35220.0,71.13
34935.0,70.25
34456.0,70.18
33442.0,70.22
33161.0,70.64
32972.0,71.91
33814.0,74.72
36115.0,77.09
36642.0,76.08
36803.0,74.34
35710.0,73.71
33018.0,65.87
29814.0,62.62
27462.0,59.54
25490.0,55.36
24294.0,53.03
23889.0,50.3
23926.0,50.08
24544.0,53.02
27380.0,62.39
31927.0,68.17
34451.0,72.02
35313.0,72.03
35610.0,71.46
35408.0,70.28
35051.0,69.19
34845.0,68.72
33839.0,67.68
33492.0,68.43
33408.0,72.2
34319.0,75.79
36124.0,78.4
36702.0,78.7
36813.0,76.0
35670.0,72.9
33192.0,67.77
30066.0,65.39
27784.0,64.04
25822.0,58.06
24592.0,54.47
24171.0,53.04
23913.0,51.47
24607.0,52.24
27155.0,58.08
31675.0,69.71
34165.0,72.29
35012.0,71.93
35600.0,71.8
35376.0,71.89
34980.0,71.72
34642.0,70.53
33498.0,67.97
32736.0,68.11
32280.0,69.23
32783.0,72.92
34791.0,75.04
35117.0,75.52
35104.0,74.78
33993.0,72.58
32092.0,68.28
29645.0,68.01
29215.0,70.14
27059.0,67.05
25800.0,58.69
25302.0,59.14
25221.0,56.12
25872.0,56.63
28576.0,59.72
33557.0,61.06
36741.0,62.59
37809.0,68.12
38406.0,69.17
38075.0,69.18
37279.0,68.86
36842.0,66.99
35588.0,64.09
34803.0,60.09
34445.0,57.87
34702.0,67.93
36671.0,73.33
37541.0,72.72
37474.0,70.48
36841.0,69.72
34624.0,67.69
31942.0,64.5
26971.0,60.27
25062.0,53.37
23779.0,51.32
23460.0,50.03
23515.0,50.25
24193.0,50.98
27254.0,51.73
32070.0,51.42
35028.0,52.01
36940.0,55.41
37882.0,60.8
38124.0,63.12
37917.0,63.85
37907.0,67.94
36775.0,66.48
36021.0,62.07
35638.0,61.77
35526.0,66.78
35755.0,72.51
38202.0,72.35
38783.0,72.85
37934.0,72.61
35230.0,71.22
31690.0,66.96
25503.0,53.89
23830.0,50.93
22753.0,49.65
22533.0,49.38
22536.0,49.8
23495.0,50.85
26793.0,57.92
30850.0,67.76
33785.0,70.38
34977.0,71.8
35444.0,73.27
35299.0,73.52
35097.0,73.53
34807.0,71.98
33547.0,70.08
32668.0,71.07
32404.0,72.23
32121.0,74.16
32044.0,78.79
34188.0,77.98
35768.0,77.81
34789.0,75.76
32301.0,73.27
29336.0,72.14
27710.0,67.01
25730.0,62.68
24636.0,61.66
24126.0,61.53
23915.0,61.4
24437.0,63.42
26962.0,67.56
30781.0,72.85
33269.0,75.58
34663.0,75.4
35162.0,76.18
35230.0,75.77
35162.0,74.27
34744.0,72.75
33613.0,73.15
33216.0,73.84
33060.0,74.21
32704.0,76.29
31895.0,84.06
31776.0,84.05
33445.0,77.27
35217.0,75.17
32555.0,73.14
29863.0,72.08
25670.0,67.07
24166.0,61.32
23019.0,58.65
22349.0,56.37
22050.0,55.21
21894.0,58.42
22201.0,61.78
22448.0,69.68
24394.0,72.89
26495.0,72.52
28000.0,73.99
28433.0,73.17
28432.0,73.07
28368.0,71.3
27530.0,70.88
26271.0,70.51
25460.0,70.73
25137.0,73.21
24971.0,76.3
25277.0,73.61
26017.0,72.8
27483.0,71.19
26875.0,69.46
25171.0,67.19
25732.0,61.05
24356.0,57.22
23490.0,53.47
23125.0,53.2
22978.0,53.15
23300.0,53.4
24976.0,58.53
27606.0,67.74
29701.0,67.75
30960.0,69.0
31596.0,70.23
32145.0,70.34
32490.0,69.63
32435.0,68.93
31601.0,68.19
31098.0,64.99
31048.0,66.45
30875.0,71.53
30389.0,73.61
30143.0,71.89
30364.0,70.54
30756.0,69.98
29915.0,68.75
27434.0,67.7
28518.0,68.13
26746.0,66.46
25737.0,60.18
25253.0,57.95
25078.0,55.85
25414.0,57.51
26956.0,64.15
29071.0,67.74
31395.0,70.9
33377.0,68.94
34496.0,70.23
35273.0,70.02
36117.0,69.17
36412.0,68.58
35869.0,67.72
35308.0,65.88
35509.0,65.43
35397.0,68.53
34752.0,71.94
34093.0,71.83
33506.0,72.12
33098.0,70.35
32485.0,69.0
30418.0,67.09
26589.0,58.41
25191.0,54.95
23966.0,52.97
23125.0,52.91
22650.0,52.56
22406.0,53.05
22428.0,53.01
22115.0,54.94
22616.0,63.69
24240.0,67.81
25844.0,67.82
26944.0,67.93
27822.0,67.99
28604.0,68.75
28990.0,68.56
28634.0,67.93
28102.0,67.85
27699.0,68.11
27567.0,71.59
27444.0,72.32
27596.0,72.96
29247.0,73.11
29348.0,71.36
27795.0,68.97
26155.0,68.03
24884.0,63.22
24140.0,58.46
23805.0,56.27
23665.0,55.45
24053.0,55.33
26228.0,55.64
29285.0,55.02
31054.0,56.61
32434.0,61.65
33527.0,67.08
34209.0,67.34
35134.0,67.33
35465.0,69.27
34748.0,69.21
34381.0,65.23
34258.0,64.22
34185.0,69.24
33548.0,71.22
33052.0,70.08
33733.0,71.55
33900.0,71.83
30864.0,69.86
28453.0,67.87
24752.0,66.08
23491.0,59.51
22544.0,55.86
22088.0,55.12
21687.0,53.81
21360.0,54.25
21380.0,58.69
22265.0,67.06
22657.0,71.03
24274.0,70.72
25711.0,71.1
26283.0,70.65
26606.0,70.86
26901.0,69.99
26386.0,69.28
25106.0,69.27
24465.0,69.76
24068.0,73.48
24018.0,77.65
25036.0,76.23
27411.0,75.54
27375.0,74.16
26204.0,71.91
24516.0,69.53
24437.0,68.77
22865.0,64.42
21969.0,62.07
21664.0,59.53
21576.0,59.68
22475.0,59.74
25431.0,63.86
29533.0,70.55
31533.0,75.29
32618.0,75.5
33243.0,75.12
33340.0,73.3
33522.0,71.07
33357.0,70.17
32458.0,70.99
31978.0,72.74
31625.0,72.99
31945.0,74.78
33727.0,78.11
34366.0,78.38
34706.0,75.88
33582.0,73.48
30953.0,69.62
28232.0,68.36
27325.0,66.1
25461.0,59.84
24351.0,57.45
23940.0,54.62
23963.0,55.02
24568.0,56.93
27192.0,69.83
31879.0,71.56
34447.0,76.08
35252.0,76.39
35625.0,77.29
35535.0,77.26
35237.0,75.9
34936.0,74.82
34191.0,73.95
33899.0,73.85
33954.0,73.7
34651.0,74.65
36213.0,77.02
36490.0,75.75
36663.0,75.51
35684.0,72.29
32893.0,68.3
29689.0,62.48
27560.0,58.17
25679.0,55.19
24466.0,52.11
23909.0,51.24
23895.0,50.73
24770.0,51.02
27396.0,55.6
31955.0,65.51
34486.0,72.21
35441.0,73.02
36050.0,74.32
36187.0,73.57
36225.0,73.64
36167.0,71.53
35012.0,69.59
34626.0,66.78
34613.0,65.61
35033.0,68.23
36549.0,73.77
37065.0,74.46
37179.0,75.01
36201.0,73.3
33400.0,70.83
30339.0,64.79
28303.0,56.12
26284.0,55.0
24931.0,53.26
24422.0,52.8
24255.0,52.98
24996.0,54.55
27539.0,57.02
32067.0,67.84
34698.0,72.68
35663.0,73.18
36038.0,74.71
35911.0,74.16
35445.0,72.28
35111.0,69.85
33965.0,67.86
33305.0,67.5
33011.0,69.22
33485.0,72.51
35369.0,76.14
35708.0,76.53
35655.0,76.21
34758.0,74.4
32518.0,72.72
29979.0,70.86
27979.0,69.13
26094.0,64.12
24605.0,61.15
23691.0,56.67
23430.0,55.21
23281.0,54.69
23831.0,56.0
25342.0,60.27
27081.0,61.86
29602.0,68.37
31294.0,69.92
31557.0,69.36
31221.0,68.54
31182.0,67.99
30493.0,63.58
29424.0,63.56
28838.0,63.85
29362.0,67.74
31262.0,72.48
31838.0,72.84
32068.0,66.61
31728.0,65.37
30189.0,65.76
28303.0,64.76
26136.0,59.68
24182.0,56.25
22707.0,53.88
21841.0,51.5
21543.0,49.72
21398.0,51.97
21882.0,53.64
22793.0,55.48
23515.0,56.52
25653.0,62.46
27883.0,63.38
28965.0,63.62
29295.0,62.72
29818.0,62.71
29529.0,63.1
28227.0,59.78
27340.0,62.4
27558.0,66.72
29698.0,72.8
30958.0,73.34
31890.0,73.65
31965.0,69.89
30672.0,70.68
28319.0,62.52
25677.0,56.16
23998.0,54.87
22900.0,53.21
22515.0,52.25
22631.0,53.03
23603.0,55.59
26865.0,68.21
31683.0,72.25
34826.0,74.48
35999.0,75.12
36610.0,76.39
36340.0,76.96
35855.0,76.94
35563.0,75.38
34491.0,74.61
33938.0,74.29
33833.0,74.23
34562.0,75.43
36606.0,78.44
36987.0,78.65
37448.0,78.69
36205.0,74.58
33444.0,69.78
30171.0,64.05
27932.0,56.6
25927.0,54.5
24876.0,53.18
24389.0,52.23
24433.0,52.17
25124.0,54.81
27995.0,62.61
32711.0,69.22
35654.0,72.94
36692.0,72.95
36953.0,74.07
36989.0,72.61
36642.0,72.62
36525.0,71.45
35318.0,71.38
34890.0,71.47
34799.0,71.22
35776.0,72.67
37183.0,75.08
37454.0,75.54
37579.0,73.76
36681.0,72.58
33880.0,68.99
30489.0,63.87
28144.0,58.04
26046.0,54.04
24800.0,51.32
24218.0,50.28
24142.0,49.25
24754.0,51.64
27642.0,55.95
32381.0,66.93
35277.0,70.7
36093.0,72.19
36394.0,71.85
36109.0,71.66
35593.0,71.56
35229.0,69.99
34226.0,69.51
33710.0,69.97
33574.0,70.01
34426.0,72.32
36288.0,78.99
36610.0,78.44
36694.0,76.31
35971.0,71.04
33405.0,68.26
30292.0,65.03
27987.0,66.69
25935.0,60.65
24684.0,57.29
24040.0,57.0
23989.0,56.74
24642.0,57.79
27262.0,64.07
31876.0,69.11
34912.0,73.56
35642.0,73.69
35712.0,73.59
35514.0,73.08
35180.0,71.89
34710.0,70.69
33505.0,70.13
33053.0,70.16
32899.0,70.23
33647.0,73.35
35657.0,76.17
35967.0,75.18
36154.0,75.29
35422.0,73.63
33081.0,70.33
30075.0,68.55
27831.0,64.24
25772.0,58.44
24320.0,56.47
23784.0,54.91
23656.0,54.68
24203.0,55.13
26675.0,59.24
31103.0,67.29
33847.0,70.02
34653.0,69.74
34927.0,70.77
34688.0,70.63
34071.0,69.72
33535.0,68.74
32252.0,66.36
31475.0,66.4
31178.0,66.57
31761.0,70.01
33563.0,72.91
34041.0,73.33
33953.0,73.75
33098.0,71.38
31194.0,69.31
28684.0,68.18
26591.0,67.3
24533.0,62.44
23053.0,59.4
22329.0,59.24
21891.0,59.06
21853.0,59.11
22551.0,59.82
24115.0,63.31
25761.0,62.98
28444.0,67.45
30139.0,68.7
30199.0,68.59
29718.0,68.88
29767.0,69.05
29157.0,69.08
28044.0,69.11
27345.0,68.95
27815.0,70.76
29901.0,73.16
30400.0,72.99
30931.0,72.92
30580.0,72.87
29293.0,71.09
27320.0,70.74
24956.0,70.56
22910.0,67.95
21599.0,63.24
20744.0,60.56
20397.0,60.4
20439.0,59.77
20989.0,60.61
22014.0,62.84
22978.0,63.6
25196.0,68.11
27240.0,68.93
27874.0,68.89
27700.0,69.63
27944.0,70.41
27598.0,70.64
26415.0,69.49
25724.0,69.1
26020.0,70.05
28361.0,73.18
29187.0,73.06
29880.0,73.32
29973.0,74.07
28806.0,71.43
26608.0,69.51
24074.0,71.23
22040.0,68.66
20759.0,64.95
20087.0,60.82
19894.0,60.59
20299.0,59.86
21617.0,64.46
23853.0,65.93
25773.0,71.85
28255.0,72.6
29575.0,73.42
29423.0,73.45
28749.0,73.38
28400.0,72.3
27707.0,71.16
26728.0,69.63
26319.0,69.06
26882.0,74.26
29305.0,76.47
29570.0,75.3
28474.0,74.95
26583.0,73.16
24287.0,70.39
23231.0,70.2
22499.0,71.98
21353.0,70.24
20021.0,66.35
18899.0,62.1
18279.0,61.22
18179.0,61.65
18472.0,61.28
19012.0,61.67
19244.0,62.55
20540.0,66.8
22644.0,69.04
24059.0,71.02
24491.0,71.62
24570.0,72.41
23736.0,71.73
22063.0,68.79
21618.0,68.53
22204.0,69.18
24487.0,71.73
25638.0,71.94
26518.0,73.05
26921.0,73.94
26318.0,71.98
24341.0,69.12
22138.0,65.64
20267.0,59.61
19102.0,56.2
18598.0,54.74
18522.0,54.58
19135.0,56.09
20917.0,59.52
23860.0,64.66
26435.0,69.88
28792.0,72.01
30404.0,73.11
30774.0,73.08
30530.0,73.36
30532.0,72.47
29732.0,72.44
28525.0,71.92
28144.0,72.24
28627.0,74.15
30534.0,78.5
31167.0,78.09
31577.0,77.62
31459.0,75.29
29812.0,72.95
27108.0,72.18
24679.0,72.61
22620.0,70.82
21316.0,67.18
20739.0,64.09
20676.0,63.2
21231.0,65.87
23195.0,69.31
26398.0,71.02
29222.0,73.2
31599.0,73.91
32759.0,74.98
32889.0,74.85
32376.0,74.64
32295.0,73.28
31399.0,73.29
30469.0,73.3
30184.0,74.6
30819.0,77.94
32522.0,81.12
32940.0,80.1
33142.0,78.99
32669.0,77.65
30753.0,73.28
27882.0,73.48
25147.0,70.93
23068.0,68.61
21779.0,64.19
21244.0,62.53
21132.0,59.78
21642.0,59.82
23591.0,64.27
26804.0,66.81
29506.0,71.38
31863.0,72.98
33050.0,74.33
33200.0,72.85
32659.0,72.78
32453.0,70.44
31308.0,70.67
30281.0,68.98
29935.0,71.57
30428.0,74.27
32248.0,78.26
32728.0,77.1
32642.0,73.6
32155.0,69.21
30428.0,67.53
28015.0,64.08
25709.0,65.49
23622.0,60.22
22122.0,55.76
21368.0,54.93
21084.0,54.17
21168.0,54.15
21927.0,54.39
23347.0,55.5
24931.0,58.78
27300.0,65.46
29315.0,66.87
29757.0,65.13
29366.0,64.47
29252.0,63.24
28811.0,60.89
27815.0,58.75
27044.0,59.16
27317.0,64.19
29535.0,70.49
30271.0,71.01
30819.0,70.72
30718.0,70.34
29352.0,68.65
27332.0,68.31
24922.0,67.38
22772.0,57.69
21301.0,56.27
20386.0,55.4
20103.0,55.15
20112.0,55.13
20651.0,55.34
21639.0,56.35
22662.0,57.7
24759.0,61.77
26942.0,65.5
27614.0,65.67
27235.0,67.09
27462.0,69.4
27264.0,69.9
26002.0,66.97
25313.0,65.48
25552.0,68.2
28072.0,71.43
29221.0,72.37
30042.0,73.35
30229.0,73.64
29145.0,71.92
26934.0,69.49
24312.0,68.4
22140.0,60.32
20851.0,57.73
20200.0,57.66
20006.0,57.04
20366.0,57.48
21723.0,61.13
23850.0,60.7
25969.0,66.64
28382.0,70.33
29873.0,72.12
29753.0,71.81
28982.0,72.42
28636.0,71.8
27988.0,71.95
27009.0,70.85
26449.0,71.36
26738.0,75.13
29592.0,77.61
30653.0,77.02
29735.0,76.16
28071.0,74.3
25801.0,69.89
24455.0,69.88
